service_id,monday,tuesday,wednesday,thursday,friday,saturday,sunday,start_date,end_date
1,0,0,0,0,0,0,1,20240102,20240401
8,1,1,1,1,1,0,0,20240102,20240401
10,0,0,0,0,1,0,0,20240102,20240401
13,1,1,1,1,1,0,0,20240102,20240401
14,0,0,0,0,0,1,0,20240102,20240401
15,1,1,1,1,1,0,0,20240102,20240401
19,0,0,1,0,0,0,0,20240102,20240401
21,0,0,0,0,0,0,1,20240102,20240401
23,1,0,0,0,0,0,0,20240102,20240401
25,0,0,0,1,0,0,0,20240102,20240401
28,1,1,1,1,1,0,0,20240102,20240401
29,1,1,1,1,1,0,0,20240102,20240401
32,1,1,1,1,1,0,0,20240102,20240401
34,0,1,0,0,0,0,0,20240102,20240401
35,0,0,0,1,0,0,0,20240102,20240401
36,0,0,0,0,1,0,0,20240102,20240401
38,1,1,1,1,0,0,0,20240102,20240401
39,0,1,1,1,1,0,0,20240102,20240401
40,1,1,1,0,1,0,0,20240102,20240401
41,1,0,1,1,1,0,0,20240102,20240401
42,1,1,0,1,1,0,0,20240102,20240401
53,1,1,1,0,0,0,0,20240102,20240401
56,0,0,0,0,0,1,0,20240102,20240401
57,0,0,0,0,0,0,1,20240102,20240401
61,1,0,1,0,1,0,0,20240102,20240401
62,0,1,0,1,0,0,0,20240102,20240401
65,0,1,0,0,0,0,0,20240102,20240401
71,1,0,0,0,0,0,0,20240102,20240401
72,0,1,0,0,0,0,0,20240102,20240401
73,0,0,1,0,0,0,0,20240102,20240401
80,1,0,0,0,1,0,0,20240102,20240401
134,1,0,0,0,0,0,0,20240102,20240401
143,1,1,1,1,0,0,0,20240102,20240401
164,0,0,0,0,0,1,0,20240102,20240401
165,0,0,0,0,0,0,1,20240102,20240401
178,0,0,0,1,0,0,0,20240102,20240401
182,0,0,0,1,0,0,0,20240102,20240401
183,0,0,0,0,0,1,1,20240102,20240401
184,0,0,0,0,0,0,1,20240102,20240401
185,0,0,0,0,0,0,1,20240102,20240401
197,0,0,0,0,1,0,0,20240102,20240401
202,0,0,0,1,0,0,0,20240102,20240401
203,0,1,0,0,1,0,0,20240102,20240401
204,0,1,0,0,0,0,0,20240102,20240401
205,0,0,0,0,0,0,1,20240102,20240401
206,1,0,0,1,0,0,0,20240102,20240401
207,1,1,1,1,1,0,1,20240102,20240401
208,0,0,0,0,0,1,0,20240102,20240401
209,0,0,0,0,1,0,0,20240102,20240401
210,1,1,1,1,1,0,0,20240102,20240401
211,0,0,0,0,0,0,1,20240102,20240401
212,0,0,0,1,0,0,0,20240102,20240401
213,0,1,0,0,0,0,0,20240102,20240401
215,0,0,0,0,0,0,1,20240102,20240401
216,0,0,0,0,0,1,0,20240102,20240401
217,0,0,1,0,1,0,0,20240102,20240401
218,1,0,0,1,0,0,0,20240102,20240401
219,1,1,0,1,0,1,1,20240102,20240401
220,0,1,1,0,1,1,1,20240102,20240401
221,0,0,0,0,0,1,0,20240102,20240401
223,0,0,0,0,0,0,0,20240102,20240401
224,1,0,0,0,1,0,0,20240102,20240401
225,0,0,1,0,0,0,0,20240102,20240401
226,0,0,0,0,1,0,0,20240102,20240401
227,0,0,0,0,0,0,1,20240102,20240401
228,0,0,0,0,0,0,1,20240102,20240401
229,0,1,0,0,0,0,0,20240102,20240401
230,0,0,0,0,0,1,0,20240102,20240401
231,0,0,1,0,0,0,0,20240102,20240401
232,0,0,0,1,0,0,0,20240102,20240401
233,0,0,1,0,0,0,0,20240102,20240401
234,0,0,0,1,0,0,0,20240102,20240401
237,0,0,0,0,1,0,0,20240102,20240401
238,1,0,1,0,0,0,0,20240102,20240401
239,0,0,1,0,1,0,0,20240102,20240401
240,1,0,0,0,0,0,0,20240102,20240401
241,0,1,0,0,1,0,0,20240102,20240401
242,1,0,0,1,0,0,0,20240102,20240401
243,0,1,0,1,0,1,0,20240102,20240401
244,0,1,0,1,0,1,0,20240102,20240401
245,1,0,1,0,1,0,0,20240102,20240401
246,0,0,0,0,0,0,1,20240102,20240401
247,0,0,0,0,0,0,1,20240102,20240401
248,1,0,0,1,0,0,0,20240102,20240401
249,0,1,0,0,1,0,0,20240102,20240401
250,1,1,1,1,1,0,0,20240102,20240401
252,1,1,1,1,1,1,0,20240102,20240401
254,0,0,0,0,0,0,1,20240102,20240401
255,0,0,0,0,0,0,1,20240102,20240401
256,0,0,0,0,1,0,0,20240102,20240401
257,0,0,0,0,1,0,0,20240102,20240401
262,0,0,1,0,1,0,0,20240102,20240401
263,1,0,1,0,1,0,0,20240102,20240401
264,0,1,0,0,0,0,0,20240102,20240401
265,0,0,0,1,0,0,0,20240102,20240401
266,0,1,0,0,0,1,0,20240102,20240401
267,0,1,0,0,0,0,0,20240102,20240401
268,1,0,0,0,0,0,0,20240102,20240401
269,0,0,0,0,0,1,0,20240102,20240401
271,0,1,0,1,0,1,0,20240102,20240401
272,1,1,1,1,1,1,0,20240102,20240401
285,0,0,0,0,1,0,0,20240102,20240401
286,0,0,0,0,1,0,0,20240102,20240401
287,0,0,0,0,0,1,0,20240102,20240401
288,0,0,0,0,0,0,1,20240102,20240401
336,1,1,1,1,1,0,0,20240102,20240401
337,1,1,1,1,1,0,0,20240102,20240401
338,1,0,1,0,1,0,0,20240102,20240401
339,1,0,0,0,0,0,0,20240102,20240401
340,0,0,1,0,0,0,0,20240102,20240401
341,0,0,0,0,1,0,0,20240102,20240401
342,0,1,0,1,0,1,0,20240102,20240401
343,0,1,0,1,0,1,0,20240102,20240401
344,1,0,0,0,0,0,0,20240102,20240401
345,1,0,0,0,0,0,0,20240102,20240401
346,0,0,0,0,1,0,0,20240102,20240401
347,0,0,0,0,1,0,0,20240102,20240401
348,0,0,0,0,0,1,0,20240102,20240401
349,0,0,0,0,0,1,0,20240102,20240401
350,1,0,1,0,1,0,0,20240102,20240401
351,1,0,1,0,1,0,0,20240102,20240401
352,1,1,1,1,1,0,0,20240102,20240401
353,1,1,1,1,1,0,0,20240102,20240401
357,1,1,1,1,1,0,0,20240102,20240401
359,1,1,1,1,1,0,0,20240102,20240401
360,1,1,1,1,1,0,0,20240102,20240401
361,1,1,1,1,1,0,0,20240102,20240401
364,0,0,0,0,1,0,0,20240102,20240401
365,0,0,0,0,1,0,0,20240102,20240401
366,0,0,0,0,1,0,0,20240102,20240401
367,0,0,0,0,1,0,0,20240102,20240401
370,0,0,0,0,0,1,0,20240102,20240401
371,0,0,0,0,0,1,0,20240102,20240401
372,0,0,0,0,0,1,0,20240102,20240401
373,0,0,0,0,0,1,0,20240102,20240401
376,0,0,0,0,0,0,1,20240102,20240401
377,0,0,0,0,0,0,1,20240102,20240401
378,0,0,0,0,0,0,1,20240102,20240401
379,0,0,0,0,0,0,1,20240102,20240401
413,0,0,0,1,0,0,0,20240102,20240401
414,1,0,1,0,1,0,0,20240102,20240401
415,1,0,1,0,1,0,0,20240102,20240401
421,1,1,1,1,1,0,0,20240102,20240401
437,0,0,0,0,0,0,1,20240102,20240401
444,0,1,0,1,0,0,0,20240102,20240401
473,1,1,1,1,1,0,0,20240102,20240401
474,1,1,1,1,1,0,0,20240102,20240401
475,0,0,0,1,0,0,0,20240102,20240401
476,0,0,0,0,1,0,0,20240102,20240401
477,0,0,0,0,0,1,0,20240102,20240401
478,1,1,1,1,1,0,0,20240102,20240401
479,0,0,0,0,0,1,0,20240102,20240401
480,0,0,0,0,1,0,0,20240102,20240401
482,0,0,0,0,0,1,0,20240102,20240401
487,0,0,0,0,0,0,1,20240102,20240401
488,1,1,1,1,1,0,0,20240102,20240401
493,1,1,1,1,1,0,0,20240102,20240401
499,0,0,1,0,0,0,0,20240102,20240401
500,0,1,0,0,0,0,0,20240102,20240401
501,0,0,0,1,0,0,0,20240102,20240401
502,1,1,0,1,1,0,0,20240102,20240401
503,1,0,1,1,1,0,0,20240102,20240401
504,1,1,1,0,1,0,0,20240102,20240401
609,0,0,0,0,0,0,1,20240102,20240401
610,1,1,1,1,1,0,0,20240102,20240401
611,0,0,0,0,1,0,0,20240102,20240401
612,0,0,0,0,0,1,0,20240102,20240401
613,0,0,0,0,0,0,1,20240102,20240401
614,0,0,0,0,0,0,1,20240102,20240401
712,1,1,1,1,1,0,0,20240102,20240401
717,1,0,0,0,0,0,0,20240102,20240401
718,1,0,1,0,0,0,0,20240102,20240401
719,1,0,1,0,1,0,0,20240102,20240401
738,1,1,0,1,0,0,0,20240102,20240401
739,0,0,1,0,1,0,0,20240102,20240401
762,1,1,0,1,0,0,0,20240102,20240401
763,1,1,1,1,1,0,0,20240102,20240401
764,0,0,0,0,1,0,0,20240102,20240401
765,0,0,0,0,0,1,0,20240102,20240401
766,0,0,0,0,0,0,1,20240102,20240401
776,0,0,0,0,0,0,0,20240102,20240401
777,0,0,0,0,0,0,0,20240102,20240401
778,0,0,0,0,0,0,0,20240102,20240401
779,0,0,0,0,0,0,0,20240102,20240401
780,0,0,0,0,0,0,0,20240102,20240401
781,0,0,0,0,0,0,0,20240102,20240401
782,0,0,0,0,0,0,0,20240102,20240401
783,0,0,0,0,0,0,0,20240102,20240401
784,0,0,0,0,0,0,0,20240102,20240401
799,0,0,0,0,0,1,0,20240102,20240401
800,0,0,0,0,0,1,0,20240102,20240401
S101693_800,0,0,0,0,0,1,0,20240102,20240106
S101694_800,0,0,0,0,0,1,0,20240102,20240106
S91598_477,0,0,0,0,0,1,0,20240102,20240106
S91598_474,1,1,1,1,1,0,0,20240102,20240106
S91598_493,1,1,1,1,1,0,0,20240102,20240106
S101429_477,0,0,0,0,0,1,0,20240107,20240401
S101429_474,1,1,1,1,1,0,0,20240107,20240401
S101429_493,1,1,1,1,1,0,0,20240107,20240401
S101429_797,0,0,0,0,0,0,1,20240107,20240401
S91560_477,0,0,0,0,0,1,0,20240102,20240106
S91560_493,1,1,1,1,1,0,0,20240102,20240106
S101417_477,0,0,0,0,0,1,0,20240107,20240401
S101417_493,1,1,1,1,1,0,0,20240107,20240401
S101417_797,0,0,0,0,0,0,1,20240107,20240401
S91561_477,0,0,0,0,0,1,0,20240102,20240106
S91561_493,1,1,1,1,1,0,0,20240102,20240106
S101418_477,0,0,0,0,0,1,0,20240107,20240401
S101418_493,1,1,1,1,1,0,0,20240107,20240401
S101418_797,0,0,0,0,0,0,1,20240107,20240401
S101408_493,1,1,1,1,1,0,0,20240102,20240106
S101408_609,0,0,0,0,0,0,1,20240102,20240106
S101419_493,1,1,1,1,1,0,0,20240107,20240401
S101419_609,0,0,0,0,0,0,1,20240107,20240401
S101409_477,0,0,0,0,0,1,0,20240102,20240106
S101409_493,1,1,1,1,1,0,0,20240102,20240106
S101409_609,0,0,0,0,0,0,1,20240102,20240106
S101420_477,0,0,0,0,0,1,0,20240107,20240401
S101420_493,1,1,1,1,1,0,0,20240107,20240401
S101420_797,0,0,0,0,0,0,1,20240107,20240401
S101420_609,0,0,0,0,0,0,1,20240107,20240401
S91564_474,1,1,1,1,1,0,0,20240102,20240106
S91564_477,0,0,0,0,0,1,0,20240102,20240106
S91564_493,1,1,1,1,1,0,0,20240102,20240106
S101421_474,1,1,1,1,1,0,0,20240107,20240401
S101421_477,0,0,0,0,0,1,0,20240107,20240401
S101421_493,1,1,1,1,1,0,0,20240107,20240401
S101421_798,0,0,0,0,0,0,1,20240107,20240401
S101421_797,0,0,0,0,0,0,1,20240107,20240401
S91568_477,0,0,0,0,0,1,0,20240102,20240106
S91568_493,1,1,1,1,1,0,0,20240102,20240106
S101422_477,0,0,0,0,0,1,0,20240107,20240401
S101422_493,1,1,1,1,1,0,0,20240107,20240401
S101422_797,0,0,0,0,0,0,1,20240107,20240401
S91570_477,0,0,0,0,0,1,0,20240102,20240106
S91570_475,0,0,0,1,0,0,0,20240102,20240106
S91570_493,1,1,1,1,1,0,0,20240102,20240106
S101423_477,0,0,0,0,0,1,0,20240107,20240401
S101423_475,0,0,0,1,0,0,0,20240107,20240401
S101423_493,1,1,1,1,1,0,0,20240107,20240401
S101423_798,0,0,0,0,0,0,1,20240107,20240401
S101423_797,0,0,0,0,0,0,1,20240107,20240401
S91572_477,0,0,0,0,0,1,0,20240102,20240106
S91572_493,1,1,1,1,1,0,0,20240102,20240106
S101424_477,0,0,0,0,0,1,0,20240107,20240401
S101424_493,1,1,1,1,1,0,0,20240107,20240401
S101424_798,0,0,0,0,0,0,1,20240107,20240401
S101424_797,0,0,0,0,0,0,1,20240107,20240401
S91573_477,0,0,0,0,0,1,0,20240102,20240106
S91573_474,1,1,1,1,1,0,0,20240102,20240106
S91573_493,1,1,1,1,1,0,0,20240102,20240106
S101425_477,0,0,0,0,0,1,0,20240107,20240401
S101425_474,1,1,1,1,1,0,0,20240107,20240401
S101425_493,1,1,1,1,1,0,0,20240107,20240401
S101425_797,0,0,0,0,0,0,1,20240107,20240401
S91576_474,1,1,1,1,1,0,0,20240102,20240106
S91576_477,0,0,0,0,0,1,0,20240102,20240106
S91576_493,1,1,1,1,1,0,0,20240102,20240106
S101426_474,1,1,1,1,1,0,0,20240107,20240401
S101426_477,0,0,0,0,0,1,0,20240107,20240401
S101426_493,1,1,1,1,1,0,0,20240107,20240401
S101426_798,0,0,0,0,0,0,1,20240107,20240401
S101426_797,0,0,0,0,0,0,1,20240107,20240401
S91594_477,0,0,0,0,0,1,0,20240102,20240106
S91594_474,1,1,1,1,1,0,0,20240102,20240106
S91594_493,1,1,1,1,1,0,0,20240102,20240106
S101427_477,0,0,0,0,0,1,0,20240107,20240401
S101427_474,1,1,1,1,1,0,0,20240107,20240401
S101427_493,1,1,1,1,1,0,0,20240107,20240401
S101427_798,0,0,0,0,0,0,1,20240107,20240401
S101427_797,0,0,0,0,0,0,1,20240107,20240401
S91595_477,0,0,0,0,0,1,0,20240102,20240106
S91595_474,1,1,1,1,1,0,0,20240102,20240106
S91595_493,1,1,1,1,1,0,0,20240102,20240106
S101428_477,0,0,0,0,0,1,0,20240107,20240401
S101428_474,1,1,1,1,1,0,0,20240107,20240401
S101428_493,1,1,1,1,1,0,0,20240107,20240401
S101428_797,0,0,0,0,0,0,1,20240107,20240401
S91599_477,0,0,0,0,0,1,0,20240102,20240106
S91599_493,1,1,1,1,1,0,0,20240102,20240106
S101430_477,0,0,0,0,0,1,0,20240107,20240401
S101430_493,1,1,1,1,1,0,0,20240107,20240401
S101430_797,0,0,0,0,0,0,1,20240107,20240401
S101635_595,0,0,0,0,0,1,0,20240102,20240106
S101808_595,0,0,0,0,0,1,0,20240107,20240401
S101490_595,0,0,0,0,0,1,0,20240102,20240106
S101809_595,0,0,0,0,0,1,0,20240107,20240401
S101606_595,0,0,0,0,0,1,0,20240102,20240106
S101810_595,0,0,0,0,0,1,0,20240107,20240401
S101607_595,0,0,0,0,0,1,0,20240102,20240106
S101811_595,0,0,0,0,0,1,0,20240107,20240401
S101610_595,0,0,0,0,0,1,0,20240102,20240106
S101812_595,0,0,0,0,0,1,0,20240107,20240401
S101813_595,0,0,0,0,0,1,0,20240107,20240401
S101814_595,0,0,0,0,0,1,0,20240107,20240401
S101613_595,0,0,0,0,0,1,0,20240102,20240106
S101815_595,0,0,0,0,0,1,0,20240107,20240401
S101816_595,0,0,0,0,0,1,0,20240107,20240401
S101614_595,0,0,0,0,0,1,0,20240102,20240106
S101817_595,0,0,0,0,0,1,0,20240107,20240401
S101615_595,0,0,0,0,0,1,0,20240102,20240106
S101818_595,0,0,0,0,0,1,0,20240107,20240401
S101616_595,0,0,0,0,0,1,0,20240102,20240106
S101819_595,0,0,0,0,0,1,0,20240107,20240401
S101820_595,0,0,0,0,0,1,0,20240107,20240401
S101619_595,0,0,0,0,0,1,0,20240102,20240106
S101821_595,0,0,0,0,0,1,0,20240107,20240401
S101620_595,0,0,0,0,0,1,0,20240102,20240106
S101822_595,0,0,0,0,0,1,0,20240107,20240401
S101621_595,0,0,0,0,0,1,0,20240102,20240106
S101823_595,0,0,0,0,0,1,0,20240107,20240401
S101622_595,0,0,0,0,0,1,0,20240102,20240106
S101824_595,0,0,0,0,0,1,0,20240107,20240401
S101623_595,0,0,0,0,0,1,0,20240102,20240106
S101825_595,0,0,0,0,0,1,0,20240107,20240401
S101484_595,0,0,0,0,0,1,0,20240102,20240106
S101484_65,0,1,0,0,0,0,0,20240102,20240106
S101826_65,0,1,0,0,0,0,0,20240107,20240401
S101608_595,0,0,0,0,0,1,0,20240102,20240106
S101609_595,0,0,0,0,0,1,0,20240102,20240106
S101617_595,0,0,0,0,0,1,0,20240102,20240106
S101618_595,0,0,0,0,0,1,0,20240102,20240106
S101612_595,0,0,0,0,0,1,0,20240102,20240106
S101629_595,0,0,0,0,0,1,0,20240102,20240106
S101678_800,0,0,0,0,0,1,0,20240102,20240106
S101678_799,0,0,0,0,0,1,0,20240102,20240106
S101836_800,0,0,0,0,0,1,0,20240107,20240401
S101836_799,0,0,0,0,0,1,0,20240107,20240401
S101660_800,0,0,0,0,0,1,0,20240102,20240106
S101660_799,0,0,0,0,0,1,0,20240102,20240106
S101837_800,0,0,0,0,0,1,0,20240107,20240401
S101837_799,0,0,0,0,0,1,0,20240107,20240401
S101679_800,0,0,0,0,0,1,0,20240102,20240106
S101679_799,0,0,0,0,0,1,0,20240102,20240106
S101838_800,0,0,0,0,0,1,0,20240107,20240401
S101838_799,0,0,0,0,0,1,0,20240107,20240401
S101680_800,0,0,0,0,0,1,0,20240102,20240106
S101680_799,0,0,0,0,0,1,0,20240102,20240106
S101839_800,0,0,0,0,0,1,0,20240107,20240401
S101839_799,0,0,0,0,0,1,0,20240107,20240401
S101681_800,0,0,0,0,0,1,0,20240102,20240106
S101681_799,0,0,0,0,0,1,0,20240102,20240106
S101840_800,0,0,0,0,0,1,0,20240107,20240401
S101840_799,0,0,0,0,0,1,0,20240107,20240401
S101682_800,0,0,0,0,0,1,0,20240102,20240106
S101682_799,0,0,0,0,0,1,0,20240102,20240106
S101841_800,0,0,0,0,0,1,0,20240107,20240401
S101841_799,0,0,0,0,0,1,0,20240107,20240401
S101683_800,0,0,0,0,0,1,0,20240102,20240106
S101683_799,0,0,0,0,0,1,0,20240102,20240106
S101842_800,0,0,0,0,0,1,0,20240107,20240401
S101842_799,0,0,0,0,0,1,0,20240107,20240401
S101684_800,0,0,0,0,0,1,0,20240102,20240106
S101684_799,0,0,0,0,0,1,0,20240102,20240106
S101843_800,0,0,0,0,0,1,0,20240107,20240401
S101843_799,0,0,0,0,0,1,0,20240107,20240401
S101685_800,0,0,0,0,0,1,0,20240102,20240106
S101685_799,0,0,0,0,0,1,0,20240102,20240106
S101844_800,0,0,0,0,0,1,0,20240107,20240401
S101844_799,0,0,0,0,0,1,0,20240107,20240401
S101686_800,0,0,0,0,0,1,0,20240102,20240106
S101686_799,0,0,0,0,0,1,0,20240102,20240106
S101845_800,0,0,0,0,0,1,0,20240107,20240401
S101845_799,0,0,0,0,0,1,0,20240107,20240401
S101455_799,0,0,0,0,0,1,0,20240102,20240106
S101846_799,0,0,0,0,0,1,0,20240107,20240401
S101713_800,0,0,0,0,0,1,0,20240102,20240106
S101713_799,0,0,0,0,0,1,0,20240102,20240106
S101847_800,0,0,0,0,0,1,0,20240107,20240401
S101847_799,0,0,0,0,0,1,0,20240107,20240401
S101714_800,0,0,0,0,0,1,0,20240102,20240106
S101714_799,0,0,0,0,0,1,0,20240102,20240106
S101848_800,0,0,0,0,0,1,0,20240107,20240401
S101848_799,0,0,0,0,0,1,0,20240107,20240401
S101504_798,0,0,0,0,0,0,1,20240107,20240401
S101479_595,0,0,0,0,0,1,0,20240102,20240106
S101479_462,0,0,0,0,0,0,1,20240102,20240106
S101479_65,0,1,0,0,0,0,0,20240102,20240106
S101722_462,0,0,0,0,0,0,1,20240107,20240401
S101722_65,0,1,0,0,0,0,0,20240107,20240401
S101469_462,0,0,0,0,0,0,1,20240102,20240106
S101723_462,0,0,0,0,0,0,1,20240107,20240401
S100998_462,0,0,0,0,0,0,1,20240102,20240106
S101724_462,0,0,0,0,0,0,1,20240107,20240401
S100999_462,0,0,0,0,0,0,1,20240102,20240106
S101725_462,0,0,0,0,0,0,1,20240107,20240401
S101470_595,0,0,0,0,0,1,0,20240102,20240106
S101470_462,0,0,0,0,0,0,1,20240102,20240106
S101470_65,0,1,0,0,0,0,0,20240102,20240106
S101726_595,0,0,0,0,0,1,0,20240107,20240401
S101726_462,0,0,0,0,0,0,1,20240107,20240401
S101726_65,0,1,0,0,0,0,0,20240107,20240401
S101727_462,0,0,0,0,0,0,1,20240107,20240401
S101471_462,0,0,0,0,0,0,1,20240102,20240106
S101728_462,0,0,0,0,0,0,1,20240107,20240401
S101472_462,0,0,0,0,0,0,1,20240102,20240106
S101729_462,0,0,0,0,0,0,1,20240107,20240401
S101473_595,0,0,0,0,0,1,0,20240102,20240106
S101473_462,0,0,0,0,0,0,1,20240102,20240106
S101730_462,0,0,0,0,0,0,1,20240107,20240401
S101474_462,0,0,0,0,0,0,1,20240102,20240106
S101731_462,0,0,0,0,0,0,1,20240107,20240401
S101003_462,0,0,0,0,0,0,1,20240102,20240106
S101732_462,0,0,0,0,0,0,1,20240107,20240401
S101733_462,0,0,0,0,0,0,1,20240107,20240401
S101004_462,0,0,0,0,0,0,1,20240102,20240106
S101734_462,0,0,0,0,0,0,1,20240107,20240401
S101475_462,0,0,0,0,0,0,1,20240102,20240106
S101735_462,0,0,0,0,0,0,1,20240107,20240401
S101611_595,0,0,0,0,0,1,0,20240102,20240106
S101611_462,0,0,0,0,0,0,1,20240102,20240106
S101736_595,0,0,0,0,0,1,0,20240107,20240401
S101736_462,0,0,0,0,0,0,1,20240107,20240401
S101482_595,0,0,0,0,0,1,0,20240102,20240106
S101482_462,0,0,0,0,0,0,1,20240102,20240106
S101737_595,0,0,0,0,0,1,0,20240107,20240401
S101737_462,0,0,0,0,0,0,1,20240107,20240401
S101476_462,0,0,0,0,0,0,1,20240102,20240106
S101738_462,0,0,0,0,0,0,1,20240107,20240401
S101626_595,0,0,0,0,0,1,0,20240102,20240106
S101626_462,0,0,0,0,0,0,1,20240102,20240106
S101739_462,0,0,0,0,0,0,1,20240107,20240401
S101456_462,0,0,0,0,0,0,1,20240102,20240106
S101740_595,0,0,0,0,0,1,0,20240107,20240401
S101740_462,0,0,0,0,0,0,1,20240107,20240401
S101457_462,0,0,0,0,0,0,1,20240102,20240106
S101741_462,0,0,0,0,0,0,1,20240107,20240401
S101459_462,0,0,0,0,0,0,1,20240102,20240106
S101742_462,0,0,0,0,0,0,1,20240107,20240401
S101460_595,0,0,0,0,0,1,0,20240102,20240106
S101743_462,0,0,0,0,0,0,1,20240107,20240401
S101461_462,0,0,0,0,0,0,1,20240102,20240106
S101744_462,0,0,0,0,0,0,1,20240107,20240401
S100936_65,0,1,0,0,0,0,0,20240102,20240106
S101745_595,0,0,0,0,0,1,0,20240107,20240401
S101745_462,0,0,0,0,0,0,1,20240107,20240401
S101745_65,0,1,0,0,0,0,0,20240107,20240401
S100986_462,0,0,0,0,0,0,1,20240102,20240106
S101746_462,0,0,0,0,0,0,1,20240107,20240401
S100984_462,0,0,0,0,0,0,1,20240102,20240106
S101747_462,0,0,0,0,0,0,1,20240107,20240401
S101462_462,0,0,0,0,0,0,1,20240102,20240106
S101748_462,0,0,0,0,0,0,1,20240107,20240401
S101463_462,0,0,0,0,0,0,1,20240102,20240106
S101463_65,0,1,0,0,0,0,0,20240102,20240106
S101749_462,0,0,0,0,0,0,1,20240107,20240401
S101749_65,0,1,0,0,0,0,0,20240107,20240401
S101465_462,0,0,0,0,0,0,1,20240102,20240106
S101750_462,0,0,0,0,0,0,1,20240107,20240401
S101467_595,0,0,0,0,0,1,0,20240102,20240106
S101467_462,0,0,0,0,0,0,1,20240102,20240106
S101751_462,0,0,0,0,0,0,1,20240107,20240401
S101752_462,0,0,0,0,0,0,1,20240107,20240401
S101753_462,0,0,0,0,0,0,1,20240107,20240401
S100996_462,0,0,0,0,0,0,1,20240102,20240106
S101754_462,0,0,0,0,0,0,1,20240107,20240401
S91540_477,0,0,0,0,0,1,0,20240102,20240106
S91540_475,0,0,0,1,0,0,0,20240102,20240106
S91540_493,1,1,1,1,1,0,0,20240102,20240106
S101431_477,0,0,0,0,0,1,0,20240107,20240401
S101431_475,0,0,0,1,0,0,0,20240107,20240401
S101431_493,1,1,1,1,1,0,0,20240107,20240401
S101431_798,0,0,0,0,0,0,1,20240107,20240401
S101431_797,0,0,0,0,0,0,1,20240107,20240401
S91588_477,0,0,0,0,0,1,0,20240102,20240106
S91588_474,1,1,1,1,1,0,0,20240102,20240106
S91588_493,1,1,1,1,1,0,0,20240102,20240106
S101432_477,0,0,0,0,0,1,0,20240107,20240401
S101432_474,1,1,1,1,1,0,0,20240107,20240401
S101432_493,1,1,1,1,1,0,0,20240107,20240401
S101432_798,0,0,0,0,0,0,1,20240107,20240401
S101432_797,0,0,0,0,0,0,1,20240107,20240401
S91591_477,0,0,0,0,0,1,0,20240102,20240106
S91591_474,1,1,1,1,1,0,0,20240102,20240106
S91591_475,0,0,0,1,0,0,0,20240102,20240106
S91591_493,1,1,1,1,1,0,0,20240102,20240106
S101433_477,0,0,0,0,0,1,0,20240107,20240401
S101433_474,1,1,1,1,1,0,0,20240107,20240401
S101433_475,0,0,0,1,0,0,0,20240107,20240401
S101433_493,1,1,1,1,1,0,0,20240107,20240401
S101433_798,0,0,0,0,0,0,1,20240107,20240401
S101433_797,0,0,0,0,0,0,1,20240107,20240401
S101410_474,1,1,1,1,1,0,0,20240102,20240106
S101410_477,0,0,0,0,0,1,0,20240102,20240106
S101410_493,1,1,1,1,1,0,0,20240102,20240106
S101410_609,0,0,0,0,0,0,1,20240102,20240106
S101434_474,1,1,1,1,1,0,0,20240107,20240401
S101434_477,0,0,0,0,0,1,0,20240107,20240401
S101434_493,1,1,1,1,1,0,0,20240107,20240401
S101434_797,0,0,0,0,0,0,1,20240107,20240401
S101434_609,0,0,0,0,0,0,1,20240107,20240401
S91544_477,0,0,0,0,0,1,0,20240102,20240106
S101435_477,0,0,0,0,0,1,0,20240107,20240401
S101435_797,0,0,0,0,0,0,1,20240107,20240401
S101411_474,1,1,1,1,1,0,0,20240102,20240106
S101411_477,0,0,0,0,0,1,0,20240102,20240106
S101411_493,1,1,1,1,1,0,0,20240102,20240106
S101411_609,0,0,0,0,0,0,1,20240102,20240106
S101436_474,1,1,1,1,1,0,0,20240107,20240401
S101436_477,0,0,0,0,0,1,0,20240107,20240401
S101436_493,1,1,1,1,1,0,0,20240107,20240401
S101436_798,0,0,0,0,0,0,1,20240107,20240401
S101436_797,0,0,0,0,0,0,1,20240107,20240401
S101436_609,0,0,0,0,0,0,1,20240107,20240401
S101412_474,1,1,1,1,1,0,0,20240102,20240106
S101412_477,0,0,0,0,0,1,0,20240102,20240106
S101412_475,0,0,0,1,0,0,0,20240102,20240106
S101412_493,1,1,1,1,1,0,0,20240102,20240106
S101412_609,0,0,0,0,0,0,1,20240102,20240106
S101437_474,1,1,1,1,1,0,0,20240107,20240401
S101437_477,0,0,0,0,0,1,0,20240107,20240401
S101437_475,0,0,0,1,0,0,0,20240107,20240401
S101437_493,1,1,1,1,1,0,0,20240107,20240401
S101437_798,0,0,0,0,0,0,1,20240107,20240401
S101437_797,0,0,0,0,0,0,1,20240107,20240401
S101437_609,0,0,0,0,0,0,1,20240107,20240401
S101413_477,0,0,0,0,0,1,0,20240102,20240106
S101413_474,1,1,1,1,1,0,0,20240102,20240106
S101413_475,0,0,0,1,0,0,0,20240102,20240106
S101413_493,1,1,1,1,1,0,0,20240102,20240106
S101413_609,0,0,0,0,0,0,1,20240102,20240106
S101438_477,0,0,0,0,0,1,0,20240107,20240401
S101438_474,1,1,1,1,1,0,0,20240107,20240401
S101438_475,0,0,0,1,0,0,0,20240107,20240401
S101438_493,1,1,1,1,1,0,0,20240107,20240401
S101438_798,0,0,0,0,0,0,1,20240107,20240401
S101438_797,0,0,0,0,0,0,1,20240107,20240401
S101438_609,0,0,0,0,0,0,1,20240107,20240401
S91548_477,0,0,0,0,0,1,0,20240102,20240106
S91548_474,1,1,1,1,1,0,0,20240102,20240106
S91548_493,1,1,1,1,1,0,0,20240102,20240106
S101439_477,0,0,0,0,0,1,0,20240107,20240401
S101439_474,1,1,1,1,1,0,0,20240107,20240401
S101439_493,1,1,1,1,1,0,0,20240107,20240401
S101439_798,0,0,0,0,0,0,1,20240107,20240401
S101439_797,0,0,0,0,0,0,1,20240107,20240401
S91551_477,0,0,0,0,0,1,0,20240102,20240106
S91551_474,1,1,1,1,1,0,0,20240102,20240106
S91551_493,1,1,1,1,1,0,0,20240102,20240106
S101440_477,0,0,0,0,0,1,0,20240107,20240401
S101440_474,1,1,1,1,1,0,0,20240107,20240401
S101440_493,1,1,1,1,1,0,0,20240107,20240401
S101440_797,0,0,0,0,0,0,1,20240107,20240401
S91554_477,0,0,0,0,0,1,0,20240102,20240106
S91554_493,1,1,1,1,1,0,0,20240102,20240106
S101441_477,0,0,0,0,0,1,0,20240107,20240401
S101441_493,1,1,1,1,1,0,0,20240107,20240401
S101441_798,0,0,0,0,0,0,1,20240107,20240401
S101441_797,0,0,0,0,0,0,1,20240107,20240401
S91555_477,0,0,0,0,0,1,0,20240102,20240106
S91555_474,1,1,1,1,1,0,0,20240102,20240106
S91555_493,1,1,1,1,1,0,0,20240102,20240106
S101442_477,0,0,0,0,0,1,0,20240107,20240401
S101442_474,1,1,1,1,1,0,0,20240107,20240401
S101442_493,1,1,1,1,1,0,0,20240107,20240401
S101442_797,0,0,0,0,0,0,1,20240107,20240401
S91557_477,0,0,0,0,0,1,0,20240102,20240106
S91557_474,1,1,1,1,1,0,0,20240102,20240106
S91557_475,0,0,0,1,0,0,0,20240102,20240106
S91557_493,1,1,1,1,1,0,0,20240102,20240106
S101443_477,0,0,0,0,0,1,0,20240107,20240401
S101443_474,1,1,1,1,1,0,0,20240107,20240401
S101443_475,0,0,0,1,0,0,0,20240107,20240401
S101443_493,1,1,1,1,1,0,0,20240107,20240401
S101443_798,0,0,0,0,0,0,1,20240107,20240401
S101443_797,0,0,0,0,0,0,1,20240107,20240401
S101624_595,0,0,0,0,0,1,0,20240102,20240106
S101794_595,0,0,0,0,0,1,0,20240107,20240401
S101625_595,0,0,0,0,0,1,0,20240102,20240106
S101795_595,0,0,0,0,0,1,0,20240107,20240401
S101627_595,0,0,0,0,0,1,0,20240102,20240106
S101796_595,0,0,0,0,0,1,0,20240107,20240401
S101628_595,0,0,0,0,0,1,0,20240102,20240106
S101797_595,0,0,0,0,0,1,0,20240107,20240401
S101798_595,0,0,0,0,0,1,0,20240107,20240401
S101799_595,0,0,0,0,0,1,0,20240107,20240401
S101630_595,0,0,0,0,0,1,0,20240102,20240106
S101800_595,0,0,0,0,0,1,0,20240107,20240401
S101631_595,0,0,0,0,0,1,0,20240102,20240106
S101801_595,0,0,0,0,0,1,0,20240107,20240401
S101802_595,0,0,0,0,0,1,0,20240107,20240401
S101632_595,0,0,0,0,0,1,0,20240102,20240106
S101803_595,0,0,0,0,0,1,0,20240107,20240401
S101633_595,0,0,0,0,0,1,0,20240102,20240106
S101804_595,0,0,0,0,0,1,0,20240107,20240401
S101634_595,0,0,0,0,0,1,0,20240102,20240106
S101805_595,0,0,0,0,0,1,0,20240107,20240401
S101806_595,0,0,0,0,0,1,0,20240107,20240401
S101807_595,0,0,0,0,0,1,0,20240107,20240401
S101366_798,0,0,0,0,0,0,1,20240107,20240401
S101367_798,0,0,0,0,0,0,1,20240107,20240401
T3969506,1,1,1,1,1,0,0,20240102,20240401
T3969514,1,1,1,1,1,0,0,20240102,20240401
T3969538,1,1,1,1,1,0,0,20240102,20240401
T3969553,1,1,1,1,1,0,0,20240102,20240401
T3969590,1,1,1,1,1,0,0,20240102,20240401
T3969614,1,1,1,1,1,0,0,20240102,20240401
T3969650,1,1,1,1,1,0,0,20240102,20240401
T3969651,1,1,1,1,1,0,0,20240102,20240401
T3969662,1,1,1,1,1,0,0,20240102,20240401
T3969674,1,1,1,1,1,0,0,20240102,20240401
T3969685,1,1,1,1,1,0,0,20240102,20240401
T3969686,1,1,1,1,1,0,0,20240102,20240401
T3969697,1,1,1,1,1,0,0,20240102,20240401
T3969704,1,1,1,1,1,0,0,20240102,20240401
T3969725,1,1,1,1,1,0,0,20240102,20240401
T3969726,1,1,1,1,1,0,0,20240102,20240401
T3969749,1,1,1,1,1,0,0,20240102,20240401
T3969750,1,1,1,1,1,0,0,20240102,20240401
T3969767,1,1,1,1,1,0,0,20240102,20240401
T3969773,1,1,1,1,1,0,0,20240102,20240401
T4536087,1,1,1,1,1,0,0,20240102,20240401
T4536104,1,1,1,1,1,0,0,20240102,20240401
T4536120,1,1,1,1,1,0,0,20240102,20240401
T4536127,1,1,1,1,1,0,0,20240102,20240401
T4536144,1,1,1,1,1,0,0,20240102,20240401
T4536152,1,1,1,1,1,0,0,20240102,20240401
T4536311,1,1,1,1,1,0,0,20240102,20240401
T4536317,1,1,1,1,1,0,0,20240102,20240401
T4536328,1,1,1,1,1,0,0,20240102,20240401
T4536336,1,1,1,1,1,0,0,20240102,20240401
T4536343,1,1,1,1,1,0,0,20240102,20240401
T4536351,1,1,1,1,1,0,0,20240102,20240401
T4536367,1,1,1,1,1,0,0,20240102,20240401
T4536376,1,1,1,1,1,0,0,20240102,20240401
