service_id,date,exception_type
1,20240126,1
1,20240304,1
1,20240329,1
1,20240401,1
8,20240126,2
8,20240304,2
8,20240329,2
8,20240401,2
10,20240126,2
10,20240329,2
13,20240126,2
13,20240131,2
13,20240201,2
13,20240202,2
13,20240205,2
13,20240206,2
13,20240207,2
13,20240208,2
13,20240209,2
13,20240212,2
13,20240213,2
13,20240214,2
13,20240215,2
13,20240216,2
13,20240219,2
13,20240220,2
13,20240221,2
13,20240222,2
13,20240223,2
13,20240226,2
13,20240227,2
13,20240228,2
13,20240229,2
13,20240301,2
13,20240304,2
13,20240305,2
13,20240306,2
13,20240307,2
13,20240308,2
13,20240311,2
13,20240312,2
13,20240313,2
13,20240314,2
13,20240315,2
13,20240318,2
13,20240319,2
13,20240320,2
13,20240321,2
13,20240322,2
13,20240325,2
13,20240326,2
13,20240327,2
13,20240328,2
13,20240329,2
13,20240401,2
15,20240102,2
15,20240103,2
15,20240104,2
15,20240105,2
15,20240108,2
15,20240109,2
15,20240110,2
15,20240111,2
15,20240112,2
15,20240115,2
15,20240116,2
15,20240117,2
15,20240118,2
15,20240119,2
15,20240122,2
15,20240123,2
15,20240124,2
15,20240125,2
15,20240126,2
15,20240129,2
15,20240130,2
15,20240304,2
15,20240329,2
15,20240401,2
19,20240103,2
19,20240110,2
19,20240117,2
19,20240124,2
21,20240126,1
21,20240304,1
21,20240329,1
21,20240401,1
23,20240108,2
23,20240115,2
23,20240122,2
23,20240129,2
23,20240205,2
23,20240212,2
23,20240219,2
23,20240226,2
23,20240311,2
23,20240318,2
23,20240325,2
23,20240401,2
28,20240102,2
28,20240103,2
28,20240104,2
28,20240105,2
28,20240108,2
28,20240109,2
28,20240110,2
28,20240111,2
28,20240112,2
28,20240115,2
28,20240116,2
28,20240117,2
28,20240118,2
28,20240119,2
28,20240122,2
28,20240123,2
28,20240124,2
28,20240125,2
28,20240126,2
28,20240129,2
28,20240130,2
28,20240131,2
28,20240201,2
28,20240202,2
28,20240205,2
28,20240206,2
28,20240207,2
28,20240208,2
28,20240209,2
28,20240212,2
28,20240213,2
28,20240214,2
28,20240215,2
28,20240216,2
28,20240304,2
28,20240329,2
28,20240401,2
29,20240102,2
29,20240103,2
29,20240104,2
29,20240105,2
29,20240108,2
29,20240109,2
29,20240110,2
29,20240111,2
29,20240112,2
29,20240115,2
29,20240116,2
29,20240117,2
29,20240118,2
29,20240119,2
29,20240122,2
29,20240123,2
29,20240124,2
29,20240125,2
29,20240126,2
29,20240129,2
29,20240130,2
29,20240131,2
29,20240201,2
29,20240202,2
29,20240205,2
29,20240206,2
29,20240207,2
29,20240208,2
29,20240209,2
29,20240212,2
29,20240213,2
29,20240214,2
29,20240215,2
29,20240216,2
29,20240304,2
29,20240329,2
29,20240401,2
32,20240126,2
32,20240304,2
32,20240329,2
32,20240401,2
34,20240102,2
34,20240109,2
34,20240116,2
34,20240123,2
34,20240130,2
35,20240104,2
35,20240111,2
35,20240118,2
35,20240125,2
36,20240105,2
36,20240112,2
36,20240119,2
36,20240126,2
36,20240329,2
38,20240102,2
38,20240103,2
38,20240104,2
38,20240108,2
38,20240109,2
38,20240110,2
38,20240111,2
38,20240115,2
38,20240116,2
38,20240117,2
38,20240118,2
38,20240122,2
38,20240123,2
38,20240124,2
38,20240125,2
38,20240129,2
38,20240130,2
38,20240304,2
38,20240401,2
39,20240102,2
39,20240103,2
39,20240104,2
39,20240105,2
39,20240109,2
39,20240110,2
39,20240111,2
39,20240112,2
39,20240116,2
39,20240117,2
39,20240118,2
39,20240119,2
39,20240123,2
39,20240124,2
39,20240125,2
39,20240126,2
39,20240130,2
39,20240329,2
40,20240102,2
40,20240103,2
40,20240105,2
40,20240108,2
40,20240109,2
40,20240110,2
40,20240112,2
40,20240115,2
40,20240116,2
40,20240117,2
40,20240119,2
40,20240122,2
40,20240123,2
40,20240124,2
40,20240126,2
40,20240129,2
40,20240130,2
40,20240304,2
40,20240329,2
40,20240401,2
41,20240103,2
41,20240104,2
41,20240105,2
41,20240108,2
41,20240110,2
41,20240111,2
41,20240112,2
41,20240115,2
41,20240117,2
41,20240118,2
41,20240119,2
41,20240122,2
41,20240124,2
41,20240125,2
41,20240126,2
41,20240129,2
41,20240304,2
41,20240329,2
41,20240401,2
42,20240102,2
42,20240104,2
42,20240105,2
42,20240108,2
42,20240109,2
42,20240111,2
42,20240112,2
42,20240115,2
42,20240116,2
42,20240118,2
42,20240119,2
42,20240122,2
42,20240123,2
42,20240125,2
42,20240126,2
42,20240129,2
42,20240130,2
42,20240304,2
42,20240329,2
42,20240401,2
53,20240102,2
53,20240103,2
53,20240108,2
53,20240109,2
53,20240110,2
53,20240115,2
53,20240116,2
53,20240117,2
53,20240122,2
53,20240123,2
53,20240124,2
53,20240129,2
53,20240130,2
53,20240304,2
53,20240401,2
57,20240126,1
57,20240304,1
57,20240329,1
57,20240401,1
61,20240102,1
61,20240104,1
61,20240109,1
61,20240111,1
61,20240116,1
61,20240118,1
61,20240123,1
61,20240125,1
61,20240126,2
61,20240130,1
61,20240304,2
61,20240329,2
61,20240401,2
62,20240102,2
62,20240104,2
62,20240109,2
62,20240111,2
62,20240116,2
62,20240118,2
62,20240123,2
62,20240125,2
62,20240130,2
65,20240102,2
65,20240109,2
65,20240116,2
65,20240123,2
65,20240126,1
65,20240130,2
65,20240206,2
65,20240213,2
65,20240220,2
65,20240227,2
65,20240305,2
65,20240312,2
65,20240319,2
65,20240326,2
71,20240304,2
71,20240401,2
80,20240105,2
80,20240108,2
80,20240112,2
80,20240115,2
80,20240119,2
80,20240122,2
80,20240126,2
80,20240129,2
80,20240304,2
80,20240329,2
80,20240401,2
134,20240108,2
134,20240115,2
134,20240122,2
134,20240126,1
134,20240129,2
134,20240205,2
134,20240212,2
134,20240219,2
134,20240226,2
134,20240311,2
134,20240318,2
134,20240325,2
143,20240102,2
143,20240103,2
143,20240104,2
143,20240108,2
143,20240109,2
143,20240110,2
143,20240111,2
143,20240115,2
143,20240116,2
143,20240117,2
143,20240118,2
143,20240122,2
143,20240123,2
143,20240124,2
143,20240125,2
143,20240129,2
143,20240130,2
143,20240131,2
143,20240201,2
143,20240205,2
143,20240206,2
143,20240207,2
143,20240208,2
143,20240304,2
143,20240401,2
165,20240304,1
165,20240329,1
165,20240401,1
178,20240102,1
178,20240109,1
178,20240116,1
178,20240123,1
178,20240130,1
178,20240201,2
178,20240208,2
178,20240215,2
178,20240222,2
178,20240229,2
178,20240307,2
178,20240314,2
178,20240321,2
178,20240328,2
182,20240104,2
182,20240111,2
182,20240118,2
182,20240125,2
183,20240331,2
184,20240304,1
184,20240329,1
184,20240401,1
185,20240107,2
185,20240114,2
185,20240121,2
185,20240126,1
185,20240128,2
185,20240204,2
185,20240211,2
185,20240218,2
185,20240225,2
185,20240303,2
185,20240310,2
185,20240317,2
185,20240324,2
185,20240331,2
197,20240126,2
197,20240329,2
203,20240105,2
203,20240112,2
203,20240119,2
203,20240126,2
203,20240202,2
203,20240209,2
203,20240216,2
203,20240223,2
203,20240301,2
203,20240308,2
203,20240315,2
203,20240322,2
203,20240329,2
207,20240106,1
207,20240113,1
207,20240120,1
207,20240127,1
211,20240106,1
211,20240113,1
211,20240120,1
211,20240127,1
220,20240201,1
220,20240208,1
220,20240215,1
220,20240222,1
220,20240229,1
220,20240307,1
220,20240314,1
220,20240321,1
220,20240328,1
223,20240104,1
223,20240108,1
223,20240111,1
223,20240115,1
223,20240118,1
223,20240122,1
223,20240125,1
223,20240129,1
223,20240201,1
223,20240205,1
223,20240208,1
223,20240212,1
223,20240215,1
223,20240219,1
223,20240222,1
223,20240226,1
223,20240229,1
223,20240304,1
223,20240307,1
223,20240311,1
223,20240314,1
223,20240318,1
223,20240321,1
223,20240325,1
223,20240328,1
223,20240401,1
232,20240104,2
232,20240105,1
232,20240111,2
232,20240112,1
232,20240118,2
232,20240119,1
232,20240125,2
232,20240126,1
232,20240201,2
232,20240202,1
232,20240208,2
232,20240209,1
232,20240215,2
232,20240216,1
232,20240222,2
232,20240223,1
232,20240229,2
232,20240301,1
232,20240307,2
232,20240308,1
232,20240314,2
232,20240315,1
232,20240321,2
232,20240322,1
232,20240328,2
232,20240329,1
241,20240125,1
241,20240126,2
242,20240124,1
242,20240125,2
248,20240124,1
248,20240125,2
249,20240125,1
249,20240126,2
250,20240106,1
250,20240113,1
250,20240120,1
250,20240127,1
256,20240125,1
256,20240126,2
257,20240125,1
257,20240126,2
266,20240102,2
266,20240104,1
266,20240109,2
266,20240111,1
266,20240116,2
266,20240118,1
266,20240123,2
266,20240125,1
266,20240130,2
266,20240201,1
266,20240206,2
266,20240208,1
266,20240213,2
266,20240215,1
266,20240220,2
266,20240222,1
266,20240227,2
266,20240229,1
266,20240305,2
266,20240307,1
266,20240312,2
266,20240314,1
266,20240319,2
266,20240321,1
266,20240326,2
266,20240328,1
285,20240125,1
285,20240126,2
286,20240125,1
286,20240126,2
287,20240106,2
287,20240107,1
287,20240113,2
287,20240114,1
287,20240120,2
287,20240121,1
287,20240127,2
287,20240128,1
287,20240203,2
287,20240204,1
287,20240210,2
287,20240211,1
287,20240217,2
287,20240218,1
287,20240224,2
287,20240225,1
287,20240302,2
287,20240303,1
287,20240309,2
287,20240310,1
287,20240316,2
287,20240317,1
287,20240323,2
287,20240324,1
287,20240330,2
287,20240331,1
336,20240126,2
336,20240304,2
336,20240329,2
336,20240401,2
337,20240126,2
337,20240304,2
337,20240329,2
337,20240401,2
338,20240126,2
338,20240304,2
338,20240329,2
338,20240401,2
339,20240304,2
339,20240401,2
341,20240126,2
341,20240329,2
342,20240126,1
342,20240304,1
342,20240329,1
342,20240401,1
343,20240126,1
343,20240304,1
343,20240329,1
343,20240401,1
348,20240106,2
348,20240107,1
348,20240113,2
348,20240114,1
348,20240120,2
348,20240121,1
348,20240127,2
348,20240128,1
348,20240203,2
348,20240204,1
348,20240210,2
348,20240211,1
348,20240217,2
348,20240218,1
348,20240224,2
348,20240225,1
348,20240302,2
348,20240303,1
348,20240309,2
348,20240310,1
348,20240316,2
348,20240317,1
348,20240323,2
348,20240324,1
348,20240330,2
348,20240331,1
349,20240106,2
349,20240107,1
349,20240113,2
349,20240114,1
349,20240120,2
349,20240121,1
349,20240127,2
349,20240128,1
349,20240203,2
349,20240204,1
349,20240210,2
349,20240211,1
349,20240217,2
349,20240218,1
349,20240224,2
349,20240225,1
349,20240302,2
349,20240303,1
349,20240309,2
349,20240310,1
349,20240316,2
349,20240317,1
349,20240323,2
349,20240324,1
349,20240330,2
349,20240331,1
350,20240126,2
350,20240304,2
350,20240329,2
350,20240401,2
351,20240126,2
351,20240304,2
351,20240329,2
351,20240401,2
352,20240102,2
352,20240103,2
352,20240104,2
352,20240105,2
352,20240108,2
352,20240109,2
352,20240110,2
352,20240111,2
352,20240112,2
352,20240115,2
352,20240116,2
352,20240117,2
352,20240118,2
352,20240119,2
352,20240122,2
352,20240123,2
352,20240124,2
352,20240125,2
352,20240126,2
352,20240129,2
352,20240130,2
352,20240304,2
352,20240329,2
352,20240401,2
353,20240126,2
353,20240304,2
353,20240329,2
353,20240401,2
357,20240126,2
357,20240304,2
357,20240329,2
357,20240401,2
359,20240126,2
359,20240304,2
359,20240329,2
359,20240401,2
360,20240126,2
360,20240304,2
360,20240329,2
360,20240401,2
361,20240126,2
361,20240304,2
361,20240329,2
361,20240401,2
364,20240126,2
364,20240329,2
365,20240126,2
365,20240329,2
366,20240126,2
366,20240329,2
367,20240126,2
367,20240329,2
370,20240106,2
376,20240126,1
376,20240304,1
376,20240329,1
376,20240401,1
377,20240126,1
377,20240304,1
377,20240329,1
377,20240401,1
378,20240126,1
378,20240304,1
378,20240329,1
378,20240401,1
379,20240126,1
379,20240304,1
379,20240329,1
379,20240401,1
413,20240104,2
413,20240105,1
413,20240111,2
413,20240112,1
413,20240118,2
413,20240119,1
413,20240125,2
413,20240126,1
413,20240201,2
413,20240202,1
413,20240208,2
413,20240209,1
413,20240215,2
413,20240216,1
413,20240222,2
413,20240223,1
413,20240229,2
413,20240301,1
413,20240307,2
413,20240308,1
413,20240314,2
413,20240315,1
413,20240321,2
413,20240322,1
413,20240328,2
413,20240329,1
421,20240126,2
421,20240304,2
421,20240329,2
421,20240401,2
437,20240107,2
437,20240114,2
437,20240121,2
437,20240128,2
437,20240204,2
437,20240211,2
437,20240218,2
437,20240225,2
437,20240303,2
437,20240304,1
437,20240310,2
437,20240317,2
437,20240324,2
437,20240331,2
473,20240102,2
473,20240103,2
473,20240104,2
473,20240105,2
473,20240108,2
473,20240109,2
473,20240110,2
473,20240111,2
473,20240112,2
473,20240115,2
473,20240116,2
473,20240117,2
473,20240118,2
473,20240119,2
473,20240122,2
473,20240123,2
473,20240124,2
473,20240125,2
473,20240126,2
473,20240129,2
473,20240130,2
473,20240304,2
473,20240329,2
473,20240401,2
474,20240126,2
474,20240131,2
474,20240201,2
474,20240202,2
474,20240205,2
474,20240206,2
474,20240207,2
474,20240208,2
474,20240209,2
474,20240212,2
474,20240213,2
474,20240214,2
474,20240215,2
474,20240216,2
474,20240219,2
474,20240220,2
474,20240221,2
474,20240222,2
474,20240223,2
474,20240226,2
474,20240227,2
474,20240228,2
474,20240229,2
474,20240301,2
474,20240304,2
474,20240305,2
474,20240306,2
474,20240307,2
474,20240308,2
474,20240311,2
474,20240312,2
474,20240313,2
474,20240314,2
474,20240315,2
474,20240318,2
474,20240319,2
474,20240320,2
474,20240321,2
474,20240322,2
474,20240325,2
474,20240326,2
474,20240327,2
474,20240328,2
474,20240329,2
474,20240401,2
476,20240126,2
476,20240329,2
478,20240126,2
478,20240304,2
478,20240329,2
478,20240401,2
480,20240126,2
480,20240329,2
487,20240126,1
487,20240304,1
487,20240401,1
488,20240126,2
488,20240304,2
488,20240329,2
488,20240401,2
493,20240126,2
493,20240304,2
493,20240329,2
493,20240401,2
499,20240103,2
499,20240110,2
499,20240117,2
499,20240124,2
500,20240102,2
500,20240109,2
500,20240116,2
500,20240123,2
500,20240130,2
501,20240104,2
501,20240111,2
501,20240118,2
501,20240125,2
502,20240102,2
502,20240104,2
502,20240105,2
502,20240108,2
502,20240109,2
502,20240111,2
502,20240112,2
502,20240115,2
502,20240116,2
502,20240118,2
502,20240119,2
502,20240122,2
502,20240123,2
502,20240125,2
502,20240126,2
502,20240129,2
502,20240130,2
502,20240304,2
502,20240329,2
502,20240401,2
503,20240103,2
503,20240104,2
503,20240105,2
503,20240108,2
503,20240110,2
503,20240111,2
503,20240112,2
503,20240115,2
503,20240117,2
503,20240118,2
503,20240119,2
503,20240122,2
503,20240124,2
503,20240125,2
503,20240126,2
503,20240129,2
503,20240304,2
503,20240329,2
503,20240401,2
504,20240102,2
504,20240103,2
504,20240105,2
504,20240108,2
504,20240109,2
504,20240110,2
504,20240112,2
504,20240115,2
504,20240116,2
504,20240117,2
504,20240119,2
504,20240122,2
504,20240123,2
504,20240124,2
504,20240126,2
504,20240129,2
504,20240130,2
504,20240304,2
504,20240329,2
504,20240401,2
609,20240126,1
609,20240304,1
609,20240401,1
610,20240126,2
610,20240304,2
610,20240329,2
610,20240401,2
611,20240126,2
611,20240329,2
612,20240106,2
613,20240126,1
613,20240304,1
613,20240329,1
613,20240401,1
614,20240126,1
614,20240304,1
614,20240329,1
614,20240401,1
712,20240126,2
738,20240102,2
738,20240104,2
738,20240108,2
738,20240109,2
738,20240111,2
738,20240115,2
738,20240116,2
738,20240118,2
738,20240122,2
738,20240123,2
738,20240125,2
738,20240129,2
738,20240130,2
738,20240304,2
738,20240401,2
739,20240103,2
739,20240105,2
739,20240110,2
739,20240112,2
739,20240117,2
739,20240119,2
739,20240124,2
739,20240126,2
739,20240329,2
762,20240102,2
762,20240104,2
762,20240108,2
762,20240109,2
762,20240111,2
762,20240115,2
762,20240116,2
762,20240118,2
762,20240122,2
762,20240123,2
762,20240125,2
762,20240129,2
762,20240130,2
762,20240304,2
762,20240401,2
763,20240103,2
763,20240126,2
763,20240304,2
763,20240329,2
763,20240401,2
764,20240126,2
764,20240329,2
766,20240126,1
766,20240304,1
766,20240329,1
766,20240401,1
776,20240102,1
776,20240103,1
776,20240104,1
776,20240105,1
776,20240108,1
776,20240109,1
776,20240110,1
776,20240111,1
776,20240112,1
776,20240115,1
776,20240116,1
776,20240117,1
776,20240118,1
776,20240119,1
776,20240122,1
776,20240123,1
776,20240124,1
776,20240125,1
776,20240129,1
776,20240130,1
776,20240131,1
776,20240201,1
776,20240202,1
776,20240205,1
776,20240206,1
776,20240207,1
776,20240208,1
776,20240209,1
776,20240212,1
776,20240213,1
776,20240214,1
776,20240215,1
776,20240216,1
776,20240219,1
776,20240220,1
776,20240221,1
776,20240222,1
776,20240223,1
776,20240226,1
776,20240227,1
776,20240228,1
776,20240229,1
776,20240301,1
776,20240304,1
776,20240305,1
776,20240306,1
776,20240307,1
776,20240308,1
776,20240311,1
776,20240312,1
776,20240313,1
776,20240314,1
776,20240315,1
776,20240318,1
776,20240319,1
776,20240320,1
776,20240321,1
776,20240322,1
776,20240325,1
776,20240326,1
776,20240327,1
776,20240328,1
776,20240329,1
776,20240401,1
777,20240102,1
777,20240103,1
777,20240104,1
777,20240105,1
777,20240106,1
777,20240107,1
777,20240108,1
777,20240109,1
777,20240110,1
777,20240111,1
777,20240112,1
777,20240113,1
777,20240114,1
777,20240115,1
777,20240116,1
777,20240117,1
777,20240118,1
777,20240119,1
777,20240120,1
777,20240121,1
777,20240122,1
777,20240123,1
777,20240124,1
777,20240125,1
777,20240126,1
777,20240127,1
777,20240128,1
777,20240129,1
777,20240130,1
777,20240131,1
777,20240201,1
777,20240202,1
777,20240203,1
777,20240204,1
777,20240205,1
777,20240206,1
777,20240207,1
777,20240208,1
777,20240209,1
777,20240210,1
777,20240211,1
777,20240212,1
777,20240213,1
777,20240214,1
777,20240215,1
777,20240216,1
777,20240217,1
777,20240218,1
777,20240219,1
777,20240220,1
777,20240221,1
777,20240222,1
777,20240223,1
777,20240224,1
777,20240225,1
777,20240226,1
777,20240227,1
777,20240228,1
777,20240229,1
777,20240301,1
777,20240302,1
777,20240303,1
777,20240304,1
777,20240305,1
777,20240306,1
777,20240307,1
777,20240308,1
777,20240309,1
777,20240310,1
777,20240311,1
777,20240312,1
777,20240313,1
777,20240314,1
777,20240315,1
777,20240316,1
777,20240317,1
777,20240318,1
777,20240319,1
777,20240320,1
777,20240321,1
777,20240322,1
777,20240323,1
777,20240324,1
777,20240325,1
777,20240326,1
777,20240327,1
777,20240328,1
777,20240329,1
777,20240330,1
777,20240331,1
777,20240401,1
778,20240102,1
778,20240103,1
778,20240104,1
778,20240105,1
778,20240106,1
778,20240107,1
778,20240108,1
778,20240109,1
778,20240110,1
778,20240111,1
778,20240112,1
778,20240113,1
778,20240114,1
778,20240115,1
778,20240116,1
778,20240117,1
778,20240118,1
778,20240119,1
778,20240120,1
778,20240121,1
778,20240122,1
778,20240123,1
778,20240124,1
778,20240125,1
778,20240126,1
778,20240127,1
778,20240128,1
778,20240129,1
778,20240130,1
778,20240131,1
778,20240201,1
778,20240202,1
778,20240203,1
778,20240204,1
778,20240205,1
778,20240206,1
778,20240207,1
778,20240208,1
778,20240209,1
778,20240210,1
778,20240211,1
778,20240212,1
778,20240213,1
778,20240214,1
778,20240215,1
778,20240216,1
778,20240217,1
778,20240218,1
778,20240219,1
778,20240220,1
778,20240221,1
778,20240222,1
778,20240223,1
778,20240224,1
778,20240225,1
778,20240226,1
778,20240227,1
778,20240228,1
778,20240229,1
778,20240301,1
778,20240302,1
778,20240303,1
778,20240304,1
778,20240305,1
778,20240306,1
778,20240307,1
778,20240308,1
778,20240309,1
778,20240310,1
778,20240311,1
778,20240312,1
778,20240313,1
778,20240314,1
778,20240315,1
778,20240316,1
778,20240317,1
778,20240318,1
778,20240319,1
778,20240320,1
778,20240321,1
778,20240322,1
778,20240323,1
778,20240324,1
778,20240325,1
778,20240326,1
778,20240327,1
778,20240328,1
778,20240329,1
778,20240330,1
778,20240331,1
778,20240401,1
779,20240102,1
779,20240103,1
779,20240104,1
779,20240105,1
779,20240106,1
779,20240107,1
779,20240108,1
779,20240109,1
779,20240110,1
779,20240111,1
779,20240112,1
779,20240113,1
779,20240114,1
779,20240115,1
779,20240116,1
779,20240117,1
779,20240118,1
779,20240119,1
779,20240120,1
779,20240121,1
779,20240122,1
779,20240123,1
779,20240124,1
779,20240125,1
779,20240126,1
779,20240127,1
779,20240128,1
779,20240129,1
779,20240130,1
779,20240131,1
779,20240201,1
779,20240202,1
779,20240203,1
779,20240204,1
779,20240205,1
779,20240206,1
779,20240207,1
779,20240208,1
779,20240209,1
779,20240210,1
779,20240211,1
779,20240212,1
779,20240213,1
779,20240214,1
779,20240215,1
779,20240216,1
779,20240217,1
779,20240218,1
779,20240219,1
779,20240220,1
779,20240221,1
779,20240222,1
779,20240223,1
779,20240224,1
779,20240225,1
779,20240226,1
779,20240227,1
779,20240228,1
779,20240229,1
779,20240301,1
779,20240302,1
779,20240303,1
779,20240304,1
779,20240305,1
779,20240306,1
779,20240307,1
779,20240308,1
779,20240309,1
779,20240310,1
779,20240311,1
779,20240312,1
779,20240313,1
779,20240314,1
779,20240315,1
779,20240316,1
779,20240317,1
779,20240318,1
779,20240319,1
779,20240320,1
779,20240321,1
779,20240322,1
779,20240323,1
779,20240324,1
779,20240325,1
779,20240326,1
779,20240327,1
779,20240328,1
779,20240329,1
779,20240330,1
779,20240331,1
779,20240401,1
780,20240102,1
780,20240103,1
780,20240104,1
780,20240105,1
780,20240106,1
780,20240107,1
780,20240108,1
780,20240109,1
780,20240110,1
780,20240111,1
780,20240112,1
780,20240113,1
780,20240114,1
780,20240115,1
780,20240116,1
780,20240117,1
780,20240118,1
780,20240119,1
780,20240120,1
780,20240121,1
780,20240122,1
780,20240123,1
780,20240124,1
780,20240125,1
780,20240126,1
780,20240127,1
780,20240128,1
780,20240129,1
780,20240130,1
780,20240131,1
780,20240201,1
780,20240202,1
780,20240203,1
780,20240204,1
780,20240205,1
780,20240206,1
780,20240207,1
780,20240208,1
780,20240209,1
780,20240210,1
780,20240211,1
780,20240212,1
780,20240213,1
780,20240214,1
780,20240215,1
780,20240216,1
780,20240217,1
780,20240218,1
780,20240219,1
780,20240220,1
780,20240221,1
780,20240222,1
780,20240223,1
780,20240224,1
780,20240225,1
780,20240226,1
780,20240227,1
780,20240228,1
780,20240229,1
780,20240301,1
780,20240302,1
780,20240303,1
780,20240304,1
780,20240305,1
780,20240306,1
780,20240307,1
780,20240308,1
780,20240309,1
780,20240310,1
780,20240311,1
780,20240312,1
780,20240313,1
780,20240314,1
780,20240315,1
780,20240316,1
780,20240317,1
780,20240318,1
780,20240319,1
780,20240320,1
780,20240321,1
780,20240322,1
780,20240323,1
780,20240324,1
780,20240325,1
780,20240326,1
780,20240327,1
780,20240328,1
780,20240329,1
780,20240330,1
780,20240331,1
780,20240401,1
781,20240102,1
781,20240103,1
781,20240104,1
781,20240105,1
781,20240106,1
781,20240107,1
781,20240108,1
781,20240109,1
781,20240110,1
781,20240111,1
781,20240112,1
781,20240113,1
781,20240114,1
781,20240115,1
781,20240116,1
781,20240117,1
781,20240118,1
781,20240119,1
781,20240120,1
781,20240121,1
781,20240122,1
781,20240123,1
781,20240124,1
781,20240125,1
781,20240126,1
781,20240127,1
781,20240128,1
781,20240129,1
781,20240130,1
781,20240131,1
781,20240201,1
781,20240202,1
781,20240203,1
781,20240204,1
781,20240205,1
781,20240206,1
781,20240207,1
781,20240208,1
781,20240209,1
781,20240210,1
781,20240211,1
781,20240212,1
781,20240213,1
781,20240214,1
781,20240215,1
781,20240216,1
781,20240217,1
781,20240218,1
781,20240219,1
781,20240220,1
781,20240221,1
781,20240222,1
781,20240223,1
781,20240224,1
781,20240225,1
781,20240226,1
781,20240227,1
781,20240228,1
781,20240229,1
781,20240301,1
781,20240302,1
781,20240303,1
781,20240304,1
781,20240305,1
781,20240306,1
781,20240307,1
781,20240308,1
781,20240309,1
781,20240310,1
781,20240311,1
781,20240312,1
781,20240313,1
781,20240314,1
781,20240315,1
781,20240316,1
781,20240317,1
781,20240318,1
781,20240319,1
781,20240320,1
781,20240321,1
781,20240322,1
781,20240323,1
781,20240324,1
781,20240325,1
781,20240326,1
781,20240327,1
781,20240328,1
781,20240329,1
781,20240330,1
781,20240331,1
781,20240401,1
782,20240102,1
782,20240103,1
782,20240104,1
782,20240105,1
782,20240106,1
782,20240107,1
782,20240108,1
782,20240109,1
782,20240110,1
782,20240111,1
782,20240112,1
782,20240113,1
782,20240114,1
782,20240115,1
782,20240116,1
782,20240117,1
782,20240118,1
782,20240119,1
782,20240120,1
782,20240121,1
782,20240122,1
782,20240123,1
782,20240124,1
782,20240125,1
782,20240126,1
782,20240127,1
782,20240128,1
782,20240129,1
782,20240130,1
782,20240131,1
782,20240201,1
782,20240202,1
782,20240203,1
782,20240204,1
782,20240205,1
782,20240206,1
782,20240207,1
782,20240208,1
782,20240209,1
782,20240210,1
782,20240211,1
782,20240212,1
782,20240213,1
782,20240214,1
782,20240215,1
782,20240216,1
782,20240217,1
782,20240218,1
782,20240219,1
782,20240220,1
782,20240221,1
782,20240222,1
782,20240223,1
782,20240224,1
782,20240225,1
782,20240226,1
782,20240227,1
782,20240228,1
782,20240229,1
782,20240301,1
782,20240302,1
782,20240303,1
782,20240304,1
782,20240305,1
782,20240306,1
782,20240307,1
782,20240308,1
782,20240309,1
782,20240310,1
782,20240311,1
782,20240312,1
782,20240313,1
782,20240314,1
782,20240315,1
782,20240316,1
782,20240317,1
782,20240318,1
782,20240319,1
782,20240320,1
782,20240321,1
782,20240322,1
782,20240323,1
782,20240324,1
782,20240325,1
782,20240326,1
782,20240327,1
782,20240328,1
782,20240329,1
782,20240330,1
782,20240331,1
782,20240401,1
783,20240102,1
783,20240103,1
783,20240104,1
783,20240105,1
783,20240106,1
783,20240107,1
783,20240108,1
783,20240109,1
783,20240110,1
783,20240111,1
783,20240112,1
783,20240113,1
783,20240114,1
783,20240115,1
783,20240116,1
783,20240117,1
783,20240118,1
783,20240119,1
783,20240120,1
783,20240121,1
783,20240122,1
783,20240123,1
783,20240124,1
783,20240125,1
783,20240126,1
783,20240127,1
783,20240128,1
783,20240129,1
783,20240130,1
783,20240131,1
783,20240201,1
783,20240202,1
783,20240203,1
783,20240204,1
783,20240205,1
783,20240206,1
783,20240207,1
783,20240208,1
783,20240209,1
783,20240210,1
783,20240211,1
783,20240212,1
783,20240213,1
783,20240214,1
783,20240215,1
783,20240216,1
783,20240217,1
783,20240218,1
783,20240219,1
783,20240220,1
783,20240221,1
783,20240222,1
783,20240223,1
783,20240224,1
783,20240225,1
783,20240226,1
783,20240227,1
783,20240228,1
783,20240229,1
783,20240301,1
783,20240302,1
783,20240303,1
783,20240304,1
783,20240305,1
783,20240306,1
783,20240307,1
783,20240308,1
783,20240309,1
783,20240310,1
783,20240311,1
783,20240312,1
783,20240313,1
783,20240314,1
783,20240315,1
783,20240316,1
783,20240317,1
783,20240318,1
783,20240319,1
783,20240320,1
783,20240321,1
783,20240322,1
783,20240323,1
783,20240324,1
783,20240325,1
783,20240326,1
783,20240327,1
783,20240328,1
783,20240329,1
783,20240330,1
783,20240331,1
783,20240401,1
784,20240102,1
784,20240103,1
784,20240104,1
784,20240105,1
784,20240106,1
784,20240107,1
784,20240108,1
784,20240109,1
784,20240110,1
784,20240111,1
784,20240112,1
784,20240113,1
784,20240114,1
784,20240115,1
784,20240116,1
784,20240117,1
784,20240118,1
784,20240119,1
784,20240120,1
784,20240121,1
784,20240122,1
784,20240123,1
784,20240124,1
784,20240125,1
784,20240126,1
784,20240127,1
784,20240128,1
784,20240129,1
784,20240130,1
784,20240131,1
784,20240201,1
784,20240202,1
784,20240203,1
784,20240204,1
784,20240205,1
784,20240206,1
784,20240207,1
784,20240208,1
784,20240209,1
784,20240210,1
784,20240211,1
784,20240212,1
784,20240213,1
784,20240214,1
784,20240215,1
784,20240216,1
784,20240217,1
784,20240218,1
784,20240219,1
784,20240220,1
784,20240221,1
784,20240222,1
784,20240223,1
784,20240224,1
784,20240225,1
784,20240226,1
784,20240227,1
784,20240228,1
784,20240229,1
784,20240301,1
784,20240302,1
784,20240303,1
784,20240304,1
784,20240305,1
784,20240306,1
784,20240307,1
784,20240308,1
784,20240309,1
784,20240310,1
784,20240311,1
784,20240312,1
784,20240313,1
784,20240314,1
784,20240315,1
784,20240316,1
784,20240317,1
784,20240318,1
784,20240319,1
784,20240320,1
784,20240321,1
784,20240322,1
784,20240323,1
784,20240324,1
784,20240325,1
784,20240326,1
784,20240327,1
784,20240328,1
784,20240329,1
784,20240330,1
784,20240331,1
784,20240401,1
799,20240103,1
799,20240106,2
799,20240113,2
799,20240120,2
799,20240127,2
799,20240203,2
799,20240210,2
799,20240217,2
799,20240224,2
799,20240302,2
799,20240309,2
799,20240316,2
799,20240323,2
799,20240330,2
800,20240106,2
800,20240120,2
800,20240127,2
800,20240203,2
800,20240210,2
800,20240217,2
800,20240224,2
800,20240302,2
800,20240309,2
800,20240316,2
800,20240323,2
800,20240330,2
S101693_800,20240106,2
S101694_800,20240106,2
S101429_474,20240126,2
S101429_474,20240131,2
S101429_474,20240201,2
S101429_474,20240202,2
S101429_474,20240205,2
S101429_474,20240206,2
S101429_474,20240207,2
S101429_474,20240208,2
S101429_474,20240209,2
S101429_474,20240212,2
S101429_474,20240213,2
S101429_474,20240214,2
S101429_474,20240215,2
S101429_474,20240216,2
S101429_474,20240219,2
S101429_474,20240220,2
S101429_474,20240221,2
S101429_474,20240222,2
S101429_474,20240223,2
S101429_474,20240226,2
S101429_474,20240227,2
S101429_474,20240228,2
S101429_474,20240229,2
S101429_474,20240301,2
S101429_474,20240304,2
S101429_474,20240305,2
S101429_474,20240306,2
S101429_474,20240307,2
S101429_474,20240308,2
S101429_474,20240311,2
S101429_474,20240312,2
S101429_474,20240313,2
S101429_474,20240314,2
S101429_474,20240315,2
S101429_474,20240318,2
S101429_474,20240319,2
S101429_474,20240320,2
S101429_474,20240321,2
S101429_474,20240322,2
S101429_474,20240325,2
S101429_474,20240326,2
S101429_474,20240327,2
S101429_474,20240328,2
S101429_474,20240329,2
S101429_474,20240401,2
S101429_493,20240126,2
S101429_493,20240304,2
S101429_493,20240329,2
S101429_493,20240401,2
S101429_797,20240107,2
S101429_797,20240114,2
S101429_797,20240121,2
S101429_797,20240126,1
S101429_797,20240128,2
S101429_797,20240204,2
S101429_797,20240211,2
S101429_797,20240218,2
S101429_797,20240225,2
S101429_797,20240303,2
S101429_797,20240310,2
S101429_797,20240317,2
S101429_797,20240324,2
S101429_797,20240331,2
S101417_493,20240126,2
S101417_493,20240304,2
S101417_493,20240329,2
S101417_493,20240401,2
S101417_797,20240107,2
S101417_797,20240114,2
S101417_797,20240121,2
S101417_797,20240126,1
S101417_797,20240128,2
S101417_797,20240204,2
S101417_797,20240211,2
S101417_797,20240218,2
S101417_797,20240225,2
S101417_797,20240303,2
S101417_797,20240310,2
S101417_797,20240317,2
S101417_797,20240324,2
S101417_797,20240331,2
S101418_493,20240126,2
S101418_493,20240304,2
S101418_493,20240329,2
S101418_493,20240401,2
S101418_797,20240107,2
S101418_797,20240114,2
S101418_797,20240121,2
S101418_797,20240126,1
S101418_797,20240128,2
S101418_797,20240204,2
S101418_797,20240211,2
S101418_797,20240218,2
S101418_797,20240225,2
S101418_797,20240303,2
S101418_797,20240310,2
S101418_797,20240317,2
S101418_797,20240324,2
S101418_797,20240331,2
S101419_493,20240126,2
S101419_493,20240304,2
S101419_493,20240329,2
S101419_493,20240401,2
S101419_609,20240126,1
S101419_609,20240304,1
S101419_609,20240401,1
S101420_493,20240126,2
S101420_493,20240304,2
S101420_493,20240329,2
S101420_493,20240401,2
S101420_797,20240107,2
S101420_797,20240114,2
S101420_797,20240121,2
S101420_797,20240126,1
S101420_797,20240128,2
S101420_797,20240204,2
S101420_797,20240211,2
S101420_797,20240218,2
S101420_797,20240225,2
S101420_797,20240303,2
S101420_797,20240310,2
S101420_797,20240317,2
S101420_797,20240324,2
S101420_797,20240331,2
S101420_609,20240126,1
S101420_609,20240304,1
S101420_609,20240401,1
S101421_474,20240126,2
S101421_474,20240131,2
S101421_474,20240201,2
S101421_474,20240202,2
S101421_474,20240205,2
S101421_474,20240206,2
S101421_474,20240207,2
S101421_474,20240208,2
S101421_474,20240209,2
S101421_474,20240212,2
S101421_474,20240213,2
S101421_474,20240214,2
S101421_474,20240215,2
S101421_474,20240216,2
S101421_474,20240219,2
S101421_474,20240220,2
S101421_474,20240221,2
S101421_474,20240222,2
S101421_474,20240223,2
S101421_474,20240226,2
S101421_474,20240227,2
S101421_474,20240228,2
S101421_474,20240229,2
S101421_474,20240301,2
S101421_474,20240304,2
S101421_474,20240305,2
S101421_474,20240306,2
S101421_474,20240307,2
S101421_474,20240308,2
S101421_474,20240311,2
S101421_474,20240312,2
S101421_474,20240313,2
S101421_474,20240314,2
S101421_474,20240315,2
S101421_474,20240318,2
S101421_474,20240319,2
S101421_474,20240320,2
S101421_474,20240321,2
S101421_474,20240322,2
S101421_474,20240325,2
S101421_474,20240326,2
S101421_474,20240327,2
S101421_474,20240328,2
S101421_474,20240329,2
S101421_474,20240401,2
S101421_493,20240126,2
S101421_493,20240304,2
S101421_493,20240329,2
S101421_493,20240401,2
S101421_798,20240107,2
S101421_798,20240114,2
S101421_798,20240121,2
S101421_798,20240126,1
S101421_798,20240128,2
S101421_798,20240204,2
S101421_798,20240211,2
S101421_798,20240218,2
S101421_798,20240225,2
S101421_798,20240303,2
S101421_798,20240310,2
S101421_798,20240317,2
S101421_798,20240324,2
S101421_798,20240331,2
S101421_797,20240107,2
S101421_797,20240114,2
S101421_797,20240121,2
S101421_797,20240126,1
S101421_797,20240128,2
S101421_797,20240204,2
S101421_797,20240211,2
S101421_797,20240218,2
S101421_797,20240225,2
S101421_797,20240303,2
S101421_797,20240310,2
S101421_797,20240317,2
S101421_797,20240324,2
S101421_797,20240331,2
S101422_493,20240126,2
S101422_493,20240304,2
S101422_493,20240329,2
S101422_493,20240401,2
S101422_797,20240107,2
S101422_797,20240114,2
S101422_797,20240121,2
S101422_797,20240126,1
S101422_797,20240128,2
S101422_797,20240204,2
S101422_797,20240211,2
S101422_797,20240218,2
S101422_797,20240225,2
S101422_797,20240303,2
S101422_797,20240310,2
S101422_797,20240317,2
S101422_797,20240324,2
S101422_797,20240331,2
S101423_493,20240126,2
S101423_493,20240304,2
S101423_493,20240329,2
S101423_493,20240401,2
S101423_798,20240107,2
S101423_798,20240114,2
S101423_798,20240121,2
S101423_798,20240126,1
S101423_798,20240128,2
S101423_798,20240204,2
S101423_798,20240211,2
S101423_798,20240218,2
S101423_798,20240225,2
S101423_798,20240303,2
S101423_798,20240310,2
S101423_798,20240317,2
S101423_798,20240324,2
S101423_798,20240331,2
S101423_797,20240107,2
S101423_797,20240114,2
S101423_797,20240121,2
S101423_797,20240126,1
S101423_797,20240128,2
S101423_797,20240204,2
S101423_797,20240211,2
S101423_797,20240218,2
S101423_797,20240225,2
S101423_797,20240303,2
S101423_797,20240310,2
S101423_797,20240317,2
S101423_797,20240324,2
S101423_797,20240331,2
S101424_493,20240126,2
S101424_493,20240304,2
S101424_493,20240329,2
S101424_493,20240401,2
S101424_798,20240107,2
S101424_798,20240114,2
S101424_798,20240121,2
S101424_798,20240126,1
S101424_798,20240128,2
S101424_798,20240204,2
S101424_798,20240211,2
S101424_798,20240218,2
S101424_798,20240225,2
S101424_798,20240303,2
S101424_798,20240310,2
S101424_798,20240317,2
S101424_798,20240324,2
S101424_798,20240331,2
S101424_797,20240107,2
S101424_797,20240114,2
S101424_797,20240121,2
S101424_797,20240126,1
S101424_797,20240128,2
S101424_797,20240204,2
S101424_797,20240211,2
S101424_797,20240218,2
S101424_797,20240225,2
S101424_797,20240303,2
S101424_797,20240310,2
S101424_797,20240317,2
S101424_797,20240324,2
S101424_797,20240331,2
S101425_474,20240126,2
S101425_474,20240131,2
S101425_474,20240201,2
S101425_474,20240202,2
S101425_474,20240205,2
S101425_474,20240206,2
S101425_474,20240207,2
S101425_474,20240208,2
S101425_474,20240209,2
S101425_474,20240212,2
S101425_474,20240213,2
S101425_474,20240214,2
S101425_474,20240215,2
S101425_474,20240216,2
S101425_474,20240219,2
S101425_474,20240220,2
S101425_474,20240221,2
S101425_474,20240222,2
S101425_474,20240223,2
S101425_474,20240226,2
S101425_474,20240227,2
S101425_474,20240228,2
S101425_474,20240229,2
S101425_474,20240301,2
S101425_474,20240304,2
S101425_474,20240305,2
S101425_474,20240306,2
S101425_474,20240307,2
S101425_474,20240308,2
S101425_474,20240311,2
S101425_474,20240312,2
S101425_474,20240313,2
S101425_474,20240314,2
S101425_474,20240315,2
S101425_474,20240318,2
S101425_474,20240319,2
S101425_474,20240320,2
S101425_474,20240321,2
S101425_474,20240322,2
S101425_474,20240325,2
S101425_474,20240326,2
S101425_474,20240327,2
S101425_474,20240328,2
S101425_474,20240329,2
S101425_474,20240401,2
S101425_493,20240126,2
S101425_493,20240304,2
S101425_493,20240329,2
S101425_493,20240401,2
S101425_797,20240107,2
S101425_797,20240114,2
S101425_797,20240121,2
S101425_797,20240126,1
S101425_797,20240128,2
S101425_797,20240204,2
S101425_797,20240211,2
S101425_797,20240218,2
S101425_797,20240225,2
S101425_797,20240303,2
S101425_797,20240310,2
S101425_797,20240317,2
S101425_797,20240324,2
S101425_797,20240331,2
S101426_474,20240126,2
S101426_474,20240131,2
S101426_474,20240201,2
S101426_474,20240202,2
S101426_474,20240205,2
S101426_474,20240206,2
S101426_474,20240207,2
S101426_474,20240208,2
S101426_474,20240209,2
S101426_474,20240212,2
S101426_474,20240213,2
S101426_474,20240214,2
S101426_474,20240215,2
S101426_474,20240216,2
S101426_474,20240219,2
S101426_474,20240220,2
S101426_474,20240221,2
S101426_474,20240222,2
S101426_474,20240223,2
S101426_474,20240226,2
S101426_474,20240227,2
S101426_474,20240228,2
S101426_474,20240229,2
S101426_474,20240301,2
S101426_474,20240304,2
S101426_474,20240305,2
S101426_474,20240306,2
S101426_474,20240307,2
S101426_474,20240308,2
S101426_474,20240311,2
S101426_474,20240312,2
S101426_474,20240313,2
S101426_474,20240314,2
S101426_474,20240315,2
S101426_474,20240318,2
S101426_474,20240319,2
S101426_474,20240320,2
S101426_474,20240321,2
S101426_474,20240322,2
S101426_474,20240325,2
S101426_474,20240326,2
S101426_474,20240327,2
S101426_474,20240328,2
S101426_474,20240329,2
S101426_474,20240401,2
S101426_493,20240126,2
S101426_493,20240304,2
S101426_493,20240329,2
S101426_493,20240401,2
S101426_798,20240107,2
S101426_798,20240114,2
S101426_798,20240121,2
S101426_798,20240126,1
S101426_798,20240128,2
S101426_798,20240204,2
S101426_798,20240211,2
S101426_798,20240218,2
S101426_798,20240225,2
S101426_798,20240303,2
S101426_798,20240310,2
S101426_798,20240317,2
S101426_798,20240324,2
S101426_798,20240331,2
S101426_797,20240107,2
S101426_797,20240114,2
S101426_797,20240121,2
S101426_797,20240126,1
S101426_797,20240128,2
S101426_797,20240204,2
S101426_797,20240211,2
S101426_797,20240218,2
S101426_797,20240225,2
S101426_797,20240303,2
S101426_797,20240310,2
S101426_797,20240317,2
S101426_797,20240324,2
S101426_797,20240331,2
S101427_474,20240126,2
S101427_474,20240131,2
S101427_474,20240201,2
S101427_474,20240202,2
S101427_474,20240205,2
S101427_474,20240206,2
S101427_474,20240207,2
S101427_474,20240208,2
S101427_474,20240209,2
S101427_474,20240212,2
S101427_474,20240213,2
S101427_474,20240214,2
S101427_474,20240215,2
S101427_474,20240216,2
S101427_474,20240219,2
S101427_474,20240220,2
S101427_474,20240221,2
S101427_474,20240222,2
S101427_474,20240223,2
S101427_474,20240226,2
S101427_474,20240227,2
S101427_474,20240228,2
S101427_474,20240229,2
S101427_474,20240301,2
S101427_474,20240304,2
S101427_474,20240305,2
S101427_474,20240306,2
S101427_474,20240307,2
S101427_474,20240308,2
S101427_474,20240311,2
S101427_474,20240312,2
S101427_474,20240313,2
S101427_474,20240314,2
S101427_474,20240315,2
S101427_474,20240318,2
S101427_474,20240319,2
S101427_474,20240320,2
S101427_474,20240321,2
S101427_474,20240322,2
S101427_474,20240325,2
S101427_474,20240326,2
S101427_474,20240327,2
S101427_474,20240328,2
S101427_474,20240329,2
S101427_474,20240401,2
S101427_493,20240126,2
S101427_493,20240304,2
S101427_493,20240329,2
S101427_493,20240401,2
S101427_798,20240107,2
S101427_798,20240114,2
S101427_798,20240121,2
S101427_798,20240126,1
S101427_798,20240128,2
S101427_798,20240204,2
S101427_798,20240211,2
S101427_798,20240218,2
S101427_798,20240225,2
S101427_798,20240303,2
S101427_798,20240310,2
S101427_798,20240317,2
S101427_798,20240324,2
S101427_798,20240331,2
S101427_797,20240107,2
S101427_797,20240114,2
S101427_797,20240121,2
S101427_797,20240126,1
S101427_797,20240128,2
S101427_797,20240204,2
S101427_797,20240211,2
S101427_797,20240218,2
S101427_797,20240225,2
S101427_797,20240303,2
S101427_797,20240310,2
S101427_797,20240317,2
S101427_797,20240324,2
S101427_797,20240331,2
S101428_474,20240126,2
S101428_474,20240131,2
S101428_474,20240201,2
S101428_474,20240202,2
S101428_474,20240205,2
S101428_474,20240206,2
S101428_474,20240207,2
S101428_474,20240208,2
S101428_474,20240209,2
S101428_474,20240212,2
S101428_474,20240213,2
S101428_474,20240214,2
S101428_474,20240215,2
S101428_474,20240216,2
S101428_474,20240219,2
S101428_474,20240220,2
S101428_474,20240221,2
S101428_474,20240222,2
S101428_474,20240223,2
S101428_474,20240226,2
S101428_474,20240227,2
S101428_474,20240228,2
S101428_474,20240229,2
S101428_474,20240301,2
S101428_474,20240304,2
S101428_474,20240305,2
S101428_474,20240306,2
S101428_474,20240307,2
S101428_474,20240308,2
S101428_474,20240311,2
S101428_474,20240312,2
S101428_474,20240313,2
S101428_474,20240314,2
S101428_474,20240315,2
S101428_474,20240318,2
S101428_474,20240319,2
S101428_474,20240320,2
S101428_474,20240321,2
S101428_474,20240322,2
S101428_474,20240325,2
S101428_474,20240326,2
S101428_474,20240327,2
S101428_474,20240328,2
S101428_474,20240329,2
S101428_474,20240401,2
S101428_493,20240126,2
S101428_493,20240304,2
S101428_493,20240329,2
S101428_493,20240401,2
S101428_797,20240107,2
S101428_797,20240114,2
S101428_797,20240121,2
S101428_797,20240126,1
S101428_797,20240128,2
S101428_797,20240204,2
S101428_797,20240211,2
S101428_797,20240218,2
S101428_797,20240225,2
S101428_797,20240303,2
S101428_797,20240310,2
S101428_797,20240317,2
S101428_797,20240324,2
S101428_797,20240331,2
S101430_493,20240126,2
S101430_493,20240304,2
S101430_493,20240329,2
S101430_493,20240401,2
S101430_797,20240107,2
S101430_797,20240114,2
S101430_797,20240121,2
S101430_797,20240126,1
S101430_797,20240128,2
S101430_797,20240204,2
S101430_797,20240211,2
S101430_797,20240218,2
S101430_797,20240225,2
S101430_797,20240303,2
S101430_797,20240310,2
S101430_797,20240317,2
S101430_797,20240324,2
S101430_797,20240331,2
S101635_595,20240103,1
S101635_595,20240106,2
S101808_595,20240113,2
S101808_595,20240120,2
S101808_595,20240127,2
S101808_595,20240203,2
S101808_595,20240210,2
S101808_595,20240217,2
S101808_595,20240224,2
S101808_595,20240302,2
S101808_595,20240309,2
S101808_595,20240316,2
S101808_595,20240323,2
S101808_595,20240330,2
S101490_595,20240103,1
S101490_595,20240106,2
S101809_595,20240113,2
S101809_595,20240120,2
S101809_595,20240127,2
S101809_595,20240203,2
S101809_595,20240210,2
S101809_595,20240217,2
S101809_595,20240224,2
S101809_595,20240302,2
S101809_595,20240309,2
S101809_595,20240316,2
S101809_595,20240323,2
S101809_595,20240330,2
S101606_595,20240103,1
S101606_595,20240106,2
S101810_595,20240113,2
S101810_595,20240120,2
S101810_595,20240127,2
S101810_595,20240203,2
S101810_595,20240210,2
S101810_595,20240217,2
S101810_595,20240224,2
S101810_595,20240302,2
S101810_595,20240309,2
S101810_595,20240316,2
S101810_595,20240323,2
S101810_595,20240330,2
S101607_595,20240103,1
S101607_595,20240106,2
S101811_595,20240113,2
S101811_595,20240120,2
S101811_595,20240127,2
S101811_595,20240203,2
S101811_595,20240210,2
S101811_595,20240217,2
S101811_595,20240224,2
S101811_595,20240302,2
S101811_595,20240309,2
S101811_595,20240316,2
S101811_595,20240323,2
S101811_595,20240330,2
S101610_595,20240103,1
S101610_595,20240106,2
S101812_595,20240113,2
S101812_595,20240120,2
S101812_595,20240127,2
S101812_595,20240203,2
S101812_595,20240210,2
S101812_595,20240217,2
S101812_595,20240224,2
S101812_595,20240302,2
S101812_595,20240309,2
S101812_595,20240316,2
S101812_595,20240323,2
S101812_595,20240330,2
S101813_595,20240113,2
S101813_595,20240120,2
S101813_595,20240127,2
S101813_595,20240203,2
S101813_595,20240210,2
S101813_595,20240217,2
S101813_595,20240224,2
S101813_595,20240302,2
S101813_595,20240309,2
S101813_595,20240316,2
S101813_595,20240323,2
S101813_595,20240330,2
S101814_595,20240113,2
S101814_595,20240120,2
S101814_595,20240127,2
S101814_595,20240203,2
S101814_595,20240210,2
S101814_595,20240217,2
S101814_595,20240224,2
S101814_595,20240302,2
S101814_595,20240309,2
S101814_595,20240316,2
S101814_595,20240323,2
S101814_595,20240330,2
S101613_595,20240103,1
S101613_595,20240106,2
S101815_595,20240113,2
S101815_595,20240120,2
S101815_595,20240127,2
S101815_595,20240203,2
S101815_595,20240210,2
S101815_595,20240217,2
S101815_595,20240224,2
S101815_595,20240302,2
S101815_595,20240309,2
S101815_595,20240316,2
S101815_595,20240323,2
S101815_595,20240330,2
S101816_595,20240113,2
S101816_595,20240120,2
S101816_595,20240127,2
S101816_595,20240203,2
S101816_595,20240210,2
S101816_595,20240217,2
S101816_595,20240224,2
S101816_595,20240302,2
S101816_595,20240309,2
S101816_595,20240316,2
S101816_595,20240323,2
S101816_595,20240330,2
S101614_595,20240103,1
S101614_595,20240106,2
S101817_595,20240113,2
S101817_595,20240120,2
S101817_595,20240127,2
S101817_595,20240203,2
S101817_595,20240210,2
S101817_595,20240217,2
S101817_595,20240224,2
S101817_595,20240302,2
S101817_595,20240309,2
S101817_595,20240316,2
S101817_595,20240323,2
S101817_595,20240330,2
S101615_595,20240103,1
S101615_595,20240106,2
S101818_595,20240113,2
S101818_595,20240120,2
S101818_595,20240127,2
S101818_595,20240203,2
S101818_595,20240210,2
S101818_595,20240217,2
S101818_595,20240224,2
S101818_595,20240302,2
S101818_595,20240309,2
S101818_595,20240316,2
S101818_595,20240323,2
S101818_595,20240330,2
S101616_595,20240103,1
S101616_595,20240106,2
S101819_595,20240113,2
S101819_595,20240120,2
S101819_595,20240127,2
S101819_595,20240203,2
S101819_595,20240210,2
S101819_595,20240217,2
S101819_595,20240224,2
S101819_595,20240302,2
S101819_595,20240309,2
S101819_595,20240316,2
S101819_595,20240323,2
S101819_595,20240330,2
S101820_595,20240113,2
S101820_595,20240120,2
S101820_595,20240127,2
S101820_595,20240203,2
S101820_595,20240210,2
S101820_595,20240217,2
S101820_595,20240224,2
S101820_595,20240302,2
S101820_595,20240309,2
S101820_595,20240316,2
S101820_595,20240323,2
S101820_595,20240330,2
S101619_595,20240103,1
S101619_595,20240106,2
S101821_595,20240113,2
S101821_595,20240120,2
S101821_595,20240127,2
S101821_595,20240203,2
S101821_595,20240210,2
S101821_595,20240217,2
S101821_595,20240224,2
S101821_595,20240302,2
S101821_595,20240309,2
S101821_595,20240316,2
S101821_595,20240323,2
S101821_595,20240330,2
S101620_595,20240103,1
S101620_595,20240106,2
S101822_595,20240113,2
S101822_595,20240120,2
S101822_595,20240127,2
S101822_595,20240203,2
S101822_595,20240210,2
S101822_595,20240217,2
S101822_595,20240224,2
S101822_595,20240302,2
S101822_595,20240309,2
S101822_595,20240316,2
S101822_595,20240323,2
S101822_595,20240330,2
S101621_595,20240103,1
S101621_595,20240106,2
S101823_595,20240113,2
S101823_595,20240120,2
S101823_595,20240127,2
S101823_595,20240203,2
S101823_595,20240210,2
S101823_595,20240217,2
S101823_595,20240224,2
S101823_595,20240302,2
S101823_595,20240309,2
S101823_595,20240316,2
S101823_595,20240323,2
S101823_595,20240330,2
S101622_595,20240103,1
S101622_595,20240106,2
S101824_595,20240113,2
S101824_595,20240120,2
S101824_595,20240127,2
S101824_595,20240203,2
S101824_595,20240210,2
S101824_595,20240217,2
S101824_595,20240224,2
S101824_595,20240302,2
S101824_595,20240309,2
S101824_595,20240316,2
S101824_595,20240323,2
S101824_595,20240330,2
S101623_595,20240103,1
S101623_595,20240106,2
S101825_595,20240113,2
S101825_595,20240120,2
S101825_595,20240127,2
S101825_595,20240203,2
S101825_595,20240210,2
S101825_595,20240217,2
S101825_595,20240224,2
S101825_595,20240302,2
S101825_595,20240309,2
S101825_595,20240316,2
S101825_595,20240323,2
S101825_595,20240330,2
S101484_595,20240103,1
S101484_595,20240106,2
S101484_65,20240102,2
S101826_65,20240109,2
S101826_65,20240116,2
S101826_65,20240123,2
S101826_65,20240126,1
S101826_65,20240130,2
S101826_65,20240206,2
S101826_65,20240213,2
S101826_65,20240220,2
S101826_65,20240227,2
S101826_65,20240305,2
S101826_65,20240312,2
S101826_65,20240319,2
S101826_65,20240326,2
S101608_595,20240103,1
S101608_595,20240106,2
S101609_595,20240103,1
S101609_595,20240106,2
S101617_595,20240103,1
S101617_595,20240106,2
S101618_595,20240103,1
S101618_595,20240106,2
S101612_595,20240103,1
S101612_595,20240106,2
S101629_595,20240103,1
S101629_595,20240106,2
S101678_800,20240106,2
S101678_799,20240103,1
S101678_799,20240106,2
S101836_800,20240120,2
S101836_800,20240127,2
S101836_800,20240203,2
S101836_800,20240210,2
S101836_800,20240217,2
S101836_800,20240224,2
S101836_800,20240302,2
S101836_800,20240309,2
S101836_800,20240316,2
S101836_800,20240323,2
S101836_800,20240330,2
S101836_799,20240113,2
S101836_799,20240120,2
S101836_799,20240127,2
S101836_799,20240203,2
S101836_799,20240210,2
S101836_799,20240217,2
S101836_799,20240224,2
S101836_799,20240302,2
S101836_799,20240309,2
S101836_799,20240316,2
S101836_799,20240323,2
S101836_799,20240330,2
S101660_800,20240106,2
S101660_799,20240103,1
S101660_799,20240106,2
S101837_800,20240120,2
S101837_800,20240127,2
S101837_800,20240203,2
S101837_800,20240210,2
S101837_800,20240217,2
S101837_800,20240224,2
S101837_800,20240302,2
S101837_800,20240309,2
S101837_800,20240316,2
S101837_800,20240323,2
S101837_800,20240330,2
S101837_799,20240113,2
S101837_799,20240120,2
S101837_799,20240127,2
S101837_799,20240203,2
S101837_799,20240210,2
S101837_799,20240217,2
S101837_799,20240224,2
S101837_799,20240302,2
S101837_799,20240309,2
S101837_799,20240316,2
S101837_799,20240323,2
S101837_799,20240330,2
S101679_800,20240106,2
S101679_799,20240103,1
S101679_799,20240106,2
S101838_800,20240120,2
S101838_800,20240127,2
S101838_800,20240203,2
S101838_800,20240210,2
S101838_800,20240217,2
S101838_800,20240224,2
S101838_800,20240302,2
S101838_800,20240309,2
S101838_800,20240316,2
S101838_800,20240323,2
S101838_800,20240330,2
S101838_799,20240113,2
S101838_799,20240120,2
S101838_799,20240127,2
S101838_799,20240203,2
S101838_799,20240210,2
S101838_799,20240217,2
S101838_799,20240224,2
S101838_799,20240302,2
S101838_799,20240309,2
S101838_799,20240316,2
S101838_799,20240323,2
S101838_799,20240330,2
S101680_800,20240106,2
S101680_799,20240103,1
S101680_799,20240106,2
S101839_800,20240120,2
S101839_800,20240127,2
S101839_800,20240203,2
S101839_800,20240210,2
S101839_800,20240217,2
S101839_800,20240224,2
S101839_800,20240302,2
S101839_800,20240309,2
S101839_800,20240316,2
S101839_800,20240323,2
S101839_800,20240330,2
S101839_799,20240113,2
S101839_799,20240120,2
S101839_799,20240127,2
S101839_799,20240203,2
S101839_799,20240210,2
S101839_799,20240217,2
S101839_799,20240224,2
S101839_799,20240302,2
S101839_799,20240309,2
S101839_799,20240316,2
S101839_799,20240323,2
S101839_799,20240330,2
S101681_800,20240106,2
S101681_799,20240103,1
S101681_799,20240106,2
S101840_800,20240120,2
S101840_800,20240127,2
S101840_800,20240203,2
S101840_800,20240210,2
S101840_800,20240217,2
S101840_800,20240224,2
S101840_800,20240302,2
S101840_800,20240309,2
S101840_800,20240316,2
S101840_800,20240323,2
S101840_800,20240330,2
S101840_799,20240113,2
S101840_799,20240120,2
S101840_799,20240127,2
S101840_799,20240203,2
S101840_799,20240210,2
S101840_799,20240217,2
S101840_799,20240224,2
S101840_799,20240302,2
S101840_799,20240309,2
S101840_799,20240316,2
S101840_799,20240323,2
S101840_799,20240330,2
S101682_800,20240106,2
S101682_799,20240103,1
S101682_799,20240106,2
S101841_800,20240120,2
S101841_800,20240127,2
S101841_800,20240203,2
S101841_800,20240210,2
S101841_800,20240217,2
S101841_800,20240224,2
S101841_800,20240302,2
S101841_800,20240309,2
S101841_800,20240316,2
S101841_800,20240323,2
S101841_800,20240330,2
S101841_799,20240113,2
S101841_799,20240120,2
S101841_799,20240127,2
S101841_799,20240203,2
S101841_799,20240210,2
S101841_799,20240217,2
S101841_799,20240224,2
S101841_799,20240302,2
S101841_799,20240309,2
S101841_799,20240316,2
S101841_799,20240323,2
S101841_799,20240330,2
S101683_800,20240106,2
S101683_799,20240103,1
S101683_799,20240106,2
S101842_800,20240120,2
S101842_800,20240127,2
S101842_800,20240203,2
S101842_800,20240210,2
S101842_800,20240217,2
S101842_800,20240224,2
S101842_800,20240302,2
S101842_800,20240309,2
S101842_800,20240316,2
S101842_800,20240323,2
S101842_800,20240330,2
S101842_799,20240113,2
S101842_799,20240120,2
S101842_799,20240127,2
S101842_799,20240203,2
S101842_799,20240210,2
S101842_799,20240217,2
S101842_799,20240224,2
S101842_799,20240302,2
S101842_799,20240309,2
S101842_799,20240316,2
S101842_799,20240323,2
S101842_799,20240330,2
S101684_800,20240106,2
S101684_799,20240103,1
S101684_799,20240106,2
S101843_800,20240120,2
S101843_800,20240127,2
S101843_800,20240203,2
S101843_800,20240210,2
S101843_800,20240217,2
S101843_800,20240224,2
S101843_800,20240302,2
S101843_800,20240309,2
S101843_800,20240316,2
S101843_800,20240323,2
S101843_800,20240330,2
S101843_799,20240113,2
S101843_799,20240120,2
S101843_799,20240127,2
S101843_799,20240203,2
S101843_799,20240210,2
S101843_799,20240217,2
S101843_799,20240224,2
S101843_799,20240302,2
S101843_799,20240309,2
S101843_799,20240316,2
S101843_799,20240323,2
S101843_799,20240330,2
S101685_800,20240106,2
S101685_799,20240103,1
S101685_799,20240106,2
S101844_800,20240120,2
S101844_800,20240127,2
S101844_800,20240203,2
S101844_800,20240210,2
S101844_800,20240217,2
S101844_800,20240224,2
S101844_800,20240302,2
S101844_800,20240309,2
S101844_800,20240316,2
S101844_800,20240323,2
S101844_800,20240330,2
S101844_799,20240113,2
S101844_799,20240120,2
S101844_799,20240127,2
S101844_799,20240203,2
S101844_799,20240210,2
S101844_799,20240217,2
S101844_799,20240224,2
S101844_799,20240302,2
S101844_799,20240309,2
S101844_799,20240316,2
S101844_799,20240323,2
S101844_799,20240330,2
S101686_800,20240106,2
S101686_799,20240103,1
S101686_799,20240106,2
S101845_800,20240120,2
S101845_800,20240127,2
S101845_800,20240203,2
S101845_800,20240210,2
S101845_800,20240217,2
S101845_800,20240224,2
S101845_800,20240302,2
S101845_800,20240309,2
S101845_800,20240316,2
S101845_800,20240323,2
S101845_800,20240330,2
S101845_799,20240113,2
S101845_799,20240120,2
S101845_799,20240127,2
S101845_799,20240203,2
S101845_799,20240210,2
S101845_799,20240217,2
S101845_799,20240224,2
S101845_799,20240302,2
S101845_799,20240309,2
S101845_799,20240316,2
S101845_799,20240323,2
S101845_799,20240330,2
S101455_799,20240103,1
S101455_799,20240106,2
S101846_799,20240113,2
S101846_799,20240120,2
S101846_799,20240127,2
S101846_799,20240203,2
S101846_799,20240210,2
S101846_799,20240217,2
S101846_799,20240224,2
S101846_799,20240302,2
S101846_799,20240309,2
S101846_799,20240316,2
S101846_799,20240323,2
S101846_799,20240330,2
S101713_800,20240106,2
S101713_799,20240103,1
S101713_799,20240106,2
S101847_800,20240120,2
S101847_800,20240127,2
S101847_800,20240203,2
S101847_800,20240210,2
S101847_800,20240217,2
S101847_800,20240224,2
S101847_800,20240302,2
S101847_800,20240309,2
S101847_800,20240316,2
S101847_800,20240323,2
S101847_800,20240330,2
S101847_799,20240113,2
S101847_799,20240120,2
S101847_799,20240127,2
S101847_799,20240203,2
S101847_799,20240210,2
S101847_799,20240217,2
S101847_799,20240224,2
S101847_799,20240302,2
S101847_799,20240309,2
S101847_799,20240316,2
S101847_799,20240323,2
S101847_799,20240330,2
S101714_800,20240106,2
S101714_799,20240103,1
S101714_799,20240106,2
S101848_800,20240120,2
S101848_800,20240127,2
S101848_800,20240203,2
S101848_800,20240210,2
S101848_800,20240217,2
S101848_800,20240224,2
S101848_800,20240302,2
S101848_800,20240309,2
S101848_800,20240316,2
S101848_800,20240323,2
S101848_800,20240330,2
S101848_799,20240113,2
S101848_799,20240120,2
S101848_799,20240127,2
S101848_799,20240203,2
S101848_799,20240210,2
S101848_799,20240217,2
S101848_799,20240224,2
S101848_799,20240302,2
S101848_799,20240309,2
S101848_799,20240316,2
S101848_799,20240323,2
S101848_799,20240330,2
S101504_798,20240107,2
S101504_798,20240114,2
S101504_798,20240121,2
S101504_798,20240126,1
S101504_798,20240128,2
S101504_798,20240204,2
S101504_798,20240211,2
S101504_798,20240218,2
S101504_798,20240225,2
S101504_798,20240303,2
S101504_798,20240310,2
S101504_798,20240317,2
S101504_798,20240324,2
S101504_798,20240331,2
S101479_595,20240103,1
S101479_595,20240106,2
S101479_462,20240106,1
S101479_65,20240102,2
S101722_462,20240107,2
S101722_462,20240114,2
S101722_462,20240121,2
S101722_462,20240128,2
S101722_462,20240204,2
S101722_462,20240211,2
S101722_462,20240218,2
S101722_462,20240225,2
S101722_462,20240303,2
S101722_462,20240310,2
S101722_462,20240317,2
S101722_462,20240324,2
S101722_462,20240331,2
S101722_65,20240109,2
S101722_65,20240116,2
S101722_65,20240123,2
S101722_65,20240126,1
S101722_65,20240130,2
S101722_65,20240206,2
S101722_65,20240213,2
S101722_65,20240220,2
S101722_65,20240227,2
S101722_65,20240305,2
S101722_65,20240312,2
S101722_65,20240319,2
S101722_65,20240326,2
S101469_462,20240106,1
S101723_462,20240107,2
S101723_462,20240114,2
S101723_462,20240121,2
S101723_462,20240128,2
S101723_462,20240204,2
S101723_462,20240211,2
S101723_462,20240218,2
S101723_462,20240225,2
S101723_462,20240303,2
S101723_462,20240310,2
S101723_462,20240317,2
S101723_462,20240324,2
S101723_462,20240331,2
S100998_462,20240106,1
S101724_462,20240107,2
S101724_462,20240114,2
S101724_462,20240121,2
S101724_462,20240128,2
S101724_462,20240204,2
S101724_462,20240211,2
S101724_462,20240218,2
S101724_462,20240225,2
S101724_462,20240303,2
S101724_462,20240310,2
S101724_462,20240317,2
S101724_462,20240324,2
S101724_462,20240331,2
S100999_462,20240106,1
S101725_462,20240107,2
S101725_462,20240114,2
S101725_462,20240121,2
S101725_462,20240128,2
S101725_462,20240204,2
S101725_462,20240211,2
S101725_462,20240218,2
S101725_462,20240225,2
S101725_462,20240303,2
S101725_462,20240310,2
S101725_462,20240317,2
S101725_462,20240324,2
S101725_462,20240331,2
S101470_595,20240103,1
S101470_595,20240106,2
S101470_462,20240106,1
S101470_65,20240102,2
S101726_595,20240113,2
S101726_595,20240120,2
S101726_595,20240127,2
S101726_595,20240203,2
S101726_595,20240210,2
S101726_595,20240217,2
S101726_595,20240224,2
S101726_595,20240302,2
S101726_595,20240309,2
S101726_595,20240316,2
S101726_595,20240323,2
S101726_595,20240330,2
S101726_462,20240107,2
S101726_462,20240114,2
S101726_462,20240121,2
S101726_462,20240128,2
S101726_462,20240204,2
S101726_462,20240211,2
S101726_462,20240218,2
S101726_462,20240225,2
S101726_462,20240303,2
S101726_462,20240310,2
S101726_462,20240317,2
S101726_462,20240324,2
S101726_462,20240331,2
S101726_65,20240109,2
S101726_65,20240116,2
S101726_65,20240123,2
S101726_65,20240126,1
S101726_65,20240130,2
S101726_65,20240206,2
S101726_65,20240213,2
S101726_65,20240220,2
S101726_65,20240227,2
S101726_65,20240305,2
S101726_65,20240312,2
S101726_65,20240319,2
S101726_65,20240326,2
S101727_462,20240107,2
S101727_462,20240114,2
S101727_462,20240121,2
S101727_462,20240128,2
S101727_462,20240204,2
S101727_462,20240211,2
S101727_462,20240218,2
S101727_462,20240225,2
S101727_462,20240303,2
S101727_462,20240310,2
S101727_462,20240317,2
S101727_462,20240324,2
S101727_462,20240331,2
S101471_462,20240106,1
S101728_462,20240107,2
S101728_462,20240114,2
S101728_462,20240121,2
S101728_462,20240128,2
S101728_462,20240204,2
S101728_462,20240211,2
S101728_462,20240218,2
S101728_462,20240225,2
S101728_462,20240303,2
S101728_462,20240310,2
S101728_462,20240317,2
S101728_462,20240324,2
S101728_462,20240331,2
S101472_462,20240106,1
S101729_462,20240107,2
S101729_462,20240114,2
S101729_462,20240121,2
S101729_462,20240128,2
S101729_462,20240204,2
S101729_462,20240211,2
S101729_462,20240218,2
S101729_462,20240225,2
S101729_462,20240303,2
S101729_462,20240310,2
S101729_462,20240317,2
S101729_462,20240324,2
S101729_462,20240331,2
S101473_595,20240103,1
S101473_595,20240106,2
S101473_462,20240106,1
S101730_462,20240107,2
S101730_462,20240114,2
S101730_462,20240121,2
S101730_462,20240128,2
S101730_462,20240204,2
S101730_462,20240211,2
S101730_462,20240218,2
S101730_462,20240225,2
S101730_462,20240303,2
S101730_462,20240310,2
S101730_462,20240317,2
S101730_462,20240324,2
S101730_462,20240331,2
S101474_462,20240106,1
S101731_462,20240107,2
S101731_462,20240114,2
S101731_462,20240121,2
S101731_462,20240128,2
S101731_462,20240204,2
S101731_462,20240211,2
S101731_462,20240218,2
S101731_462,20240225,2
S101731_462,20240303,2
S101731_462,20240310,2
S101731_462,20240317,2
S101731_462,20240324,2
S101731_462,20240331,2
S101003_462,20240106,1
S101732_462,20240107,2
S101732_462,20240114,2
S101732_462,20240121,2
S101732_462,20240128,2
S101732_462,20240204,2
S101732_462,20240211,2
S101732_462,20240218,2
S101732_462,20240225,2
S101732_462,20240303,2
S101732_462,20240310,2
S101732_462,20240317,2
S101732_462,20240324,2
S101732_462,20240331,2
S101733_462,20240107,2
S101733_462,20240114,2
S101733_462,20240121,2
S101733_462,20240128,2
S101733_462,20240204,2
S101733_462,20240211,2
S101733_462,20240218,2
S101733_462,20240225,2
S101733_462,20240303,2
S101733_462,20240310,2
S101733_462,20240317,2
S101733_462,20240324,2
S101733_462,20240331,2
S101004_462,20240106,1
S101734_462,20240107,2
S101734_462,20240114,2
S101734_462,20240121,2
S101734_462,20240128,2
S101734_462,20240204,2
S101734_462,20240211,2
S101734_462,20240218,2
S101734_462,20240225,2
S101734_462,20240303,2
S101734_462,20240310,2
S101734_462,20240317,2
S101734_462,20240324,2
S101734_462,20240331,2
S101475_462,20240106,1
S101735_462,20240107,2
S101735_462,20240114,2
S101735_462,20240121,2
S101735_462,20240128,2
S101735_462,20240204,2
S101735_462,20240211,2
S101735_462,20240218,2
S101735_462,20240225,2
S101735_462,20240303,2
S101735_462,20240310,2
S101735_462,20240317,2
S101735_462,20240324,2
S101735_462,20240331,2
S101611_595,20240103,1
S101611_595,20240106,2
S101611_462,20240106,1
S101736_595,20240113,2
S101736_595,20240120,2
S101736_595,20240127,2
S101736_595,20240203,2
S101736_595,20240210,2
S101736_595,20240217,2
S101736_595,20240224,2
S101736_595,20240302,2
S101736_595,20240309,2
S101736_595,20240316,2
S101736_595,20240323,2
S101736_595,20240330,2
S101736_462,20240107,2
S101736_462,20240114,2
S101736_462,20240121,2
S101736_462,20240128,2
S101736_462,20240204,2
S101736_462,20240211,2
S101736_462,20240218,2
S101736_462,20240225,2
S101736_462,20240303,2
S101736_462,20240310,2
S101736_462,20240317,2
S101736_462,20240324,2
S101736_462,20240331,2
S101482_595,20240103,1
S101482_595,20240106,2
S101482_462,20240106,1
S101737_595,20240113,2
S101737_595,20240120,2
S101737_595,20240127,2
S101737_595,20240203,2
S101737_595,20240210,2
S101737_595,20240217,2
S101737_595,20240224,2
S101737_595,20240302,2
S101737_595,20240309,2
S101737_595,20240316,2
S101737_595,20240323,2
S101737_595,20240330,2
S101737_462,20240107,2
S101737_462,20240114,2
S101737_462,20240121,2
S101737_462,20240128,2
S101737_462,20240204,2
S101737_462,20240211,2
S101737_462,20240218,2
S101737_462,20240225,2
S101737_462,20240303,2
S101737_462,20240310,2
S101737_462,20240317,2
S101737_462,20240324,2
S101737_462,20240331,2
S101476_462,20240106,1
S101738_462,20240107,2
S101738_462,20240114,2
S101738_462,20240121,2
S101738_462,20240128,2
S101738_462,20240204,2
S101738_462,20240211,2
S101738_462,20240218,2
S101738_462,20240225,2
S101738_462,20240303,2
S101738_462,20240310,2
S101738_462,20240317,2
S101738_462,20240324,2
S101738_462,20240331,2
S101626_595,20240103,1
S101626_595,20240106,2
S101626_462,20240106,1
S101739_462,20240107,2
S101739_462,20240114,2
S101739_462,20240121,2
S101739_462,20240128,2
S101739_462,20240204,2
S101739_462,20240211,2
S101739_462,20240218,2
S101739_462,20240225,2
S101739_462,20240303,2
S101739_462,20240310,2
S101739_462,20240317,2
S101739_462,20240324,2
S101739_462,20240331,2
S101456_462,20240106,1
S101740_595,20240113,2
S101740_595,20240120,2
S101740_595,20240127,2
S101740_595,20240203,2
S101740_595,20240210,2
S101740_595,20240217,2
S101740_595,20240224,2
S101740_595,20240302,2
S101740_595,20240309,2
S101740_595,20240316,2
S101740_595,20240323,2
S101740_595,20240330,2
S101740_462,20240107,2
S101740_462,20240114,2
S101740_462,20240121,2
S101740_462,20240128,2
S101740_462,20240204,2
S101740_462,20240211,2
S101740_462,20240218,2
S101740_462,20240225,2
S101740_462,20240303,2
S101740_462,20240310,2
S101740_462,20240317,2
S101740_462,20240324,2
S101740_462,20240331,2
S101457_462,20240106,1
S101741_462,20240107,2
S101741_462,20240114,2
S101741_462,20240121,2
S101741_462,20240128,2
S101741_462,20240204,2
S101741_462,20240211,2
S101741_462,20240218,2
S101741_462,20240225,2
S101741_462,20240303,2
S101741_462,20240310,2
S101741_462,20240317,2
S101741_462,20240324,2
S101741_462,20240331,2
S101459_462,20240106,1
S101742_462,20240107,2
S101742_462,20240114,2
S101742_462,20240121,2
S101742_462,20240128,2
S101742_462,20240204,2
S101742_462,20240211,2
S101742_462,20240218,2
S101742_462,20240225,2
S101742_462,20240303,2
S101742_462,20240310,2
S101742_462,20240317,2
S101742_462,20240324,2
S101742_462,20240331,2
S101460_595,20240103,1
S101460_595,20240106,2
S101743_462,20240107,2
S101743_462,20240114,2
S101743_462,20240121,2
S101743_462,20240128,2
S101743_462,20240204,2
S101743_462,20240211,2
S101743_462,20240218,2
S101743_462,20240225,2
S101743_462,20240303,2
S101743_462,20240310,2
S101743_462,20240317,2
S101743_462,20240324,2
S101743_462,20240331,2
S101461_462,20240106,1
S101744_462,20240107,2
S101744_462,20240114,2
S101744_462,20240121,2
S101744_462,20240128,2
S101744_462,20240204,2
S101744_462,20240211,2
S101744_462,20240218,2
S101744_462,20240225,2
S101744_462,20240303,2
S101744_462,20240310,2
S101744_462,20240317,2
S101744_462,20240324,2
S101744_462,20240331,2
S100936_65,20240102,2
S101745_595,20240113,2
S101745_595,20240120,2
S101745_595,20240127,2
S101745_595,20240203,2
S101745_595,20240210,2
S101745_595,20240217,2
S101745_595,20240224,2
S101745_595,20240302,2
S101745_595,20240309,2
S101745_595,20240316,2
S101745_595,20240323,2
S101745_595,20240330,2
S101745_462,20240107,2
S101745_462,20240114,2
S101745_462,20240121,2
S101745_462,20240128,2
S101745_462,20240204,2
S101745_462,20240211,2
S101745_462,20240218,2
S101745_462,20240225,2
S101745_462,20240303,2
S101745_462,20240310,2
S101745_462,20240317,2
S101745_462,20240324,2
S101745_462,20240331,2
S101745_65,20240109,2
S101745_65,20240116,2
S101745_65,20240123,2
S101745_65,20240126,1
S101745_65,20240130,2
S101745_65,20240206,2
S101745_65,20240213,2
S101745_65,20240220,2
S101745_65,20240227,2
S101745_65,20240305,2
S101745_65,20240312,2
S101745_65,20240319,2
S101745_65,20240326,2
S100986_462,20240106,1
S101746_462,20240107,2
S101746_462,20240114,2
S101746_462,20240121,2
S101746_462,20240128,2
S101746_462,20240204,2
S101746_462,20240211,2
S101746_462,20240218,2
S101746_462,20240225,2
S101746_462,20240303,2
S101746_462,20240310,2
S101746_462,20240317,2
S101746_462,20240324,2
S101746_462,20240331,2
S100984_462,20240106,1
S101747_462,20240107,2
S101747_462,20240114,2
S101747_462,20240121,2
S101747_462,20240128,2
S101747_462,20240204,2
S101747_462,20240211,2
S101747_462,20240218,2
S101747_462,20240225,2
S101747_462,20240303,2
S101747_462,20240310,2
S101747_462,20240317,2
S101747_462,20240324,2
S101747_462,20240331,2
S101462_462,20240106,1
S101748_462,20240107,2
S101748_462,20240114,2
S101748_462,20240121,2
S101748_462,20240128,2
S101748_462,20240204,2
S101748_462,20240211,2
S101748_462,20240218,2
S101748_462,20240225,2
S101748_462,20240303,2
S101748_462,20240310,2
S101748_462,20240317,2
S101748_462,20240324,2
S101748_462,20240331,2
S101463_462,20240106,1
S101463_65,20240102,2
S101749_462,20240107,2
S101749_462,20240114,2
S101749_462,20240121,2
S101749_462,20240128,2
S101749_462,20240204,2
S101749_462,20240211,2
S101749_462,20240218,2
S101749_462,20240225,2
S101749_462,20240303,2
S101749_462,20240310,2
S101749_462,20240317,2
S101749_462,20240324,2
S101749_462,20240331,2
S101749_65,20240109,2
S101749_65,20240116,2
S101749_65,20240123,2
S101749_65,20240126,1
S101749_65,20240130,2
S101749_65,20240206,2
S101749_65,20240213,2
S101749_65,20240220,2
S101749_65,20240227,2
S101749_65,20240305,2
S101749_65,20240312,2
S101749_65,20240319,2
S101749_65,20240326,2
S101465_462,20240106,1
S101750_462,20240107,2
S101750_462,20240114,2
S101750_462,20240121,2
S101750_462,20240128,2
S101750_462,20240204,2
S101750_462,20240211,2
S101750_462,20240218,2
S101750_462,20240225,2
S101750_462,20240303,2
S101750_462,20240310,2
S101750_462,20240317,2
S101750_462,20240324,2
S101750_462,20240331,2
S101467_595,20240103,1
S101467_595,20240106,2
S101467_462,20240106,1
S101751_462,20240107,2
S101751_462,20240114,2
S101751_462,20240121,2
S101751_462,20240128,2
S101751_462,20240204,2
S101751_462,20240211,2
S101751_462,20240218,2
S101751_462,20240225,2
S101751_462,20240303,2
S101751_462,20240310,2
S101751_462,20240317,2
S101751_462,20240324,2
S101751_462,20240331,2
S101752_462,20240107,2
S101752_462,20240114,2
S101752_462,20240121,2
S101752_462,20240128,2
S101752_462,20240204,2
S101752_462,20240211,2
S101752_462,20240218,2
S101752_462,20240225,2
S101752_462,20240303,2
S101752_462,20240310,2
S101752_462,20240317,2
S101752_462,20240324,2
S101752_462,20240331,2
S101753_462,20240107,2
S101753_462,20240114,2
S101753_462,20240121,2
S101753_462,20240128,2
S101753_462,20240204,2
S101753_462,20240211,2
S101753_462,20240218,2
S101753_462,20240225,2
S101753_462,20240303,2
S101753_462,20240310,2
S101753_462,20240317,2
S101753_462,20240324,2
S101753_462,20240331,2
S100996_462,20240106,1
S101754_462,20240107,2
S101754_462,20240114,2
S101754_462,20240121,2
S101754_462,20240128,2
S101754_462,20240204,2
S101754_462,20240211,2
S101754_462,20240218,2
S101754_462,20240225,2
S101754_462,20240303,2
S101754_462,20240310,2
S101754_462,20240317,2
S101754_462,20240324,2
S101754_462,20240331,2
S101431_493,20240126,2
S101431_493,20240304,2
S101431_493,20240329,2
S101431_493,20240401,2
S101431_798,20240107,2
S101431_798,20240114,2
S101431_798,20240121,2
S101431_798,20240126,1
S101431_798,20240128,2
S101431_798,20240204,2
S101431_798,20240211,2
S101431_798,20240218,2
S101431_798,20240225,2
S101431_798,20240303,2
S101431_798,20240310,2
S101431_798,20240317,2
S101431_798,20240324,2
S101431_798,20240331,2
S101431_797,20240107,2
S101431_797,20240114,2
S101431_797,20240121,2
S101431_797,20240126,1
S101431_797,20240128,2
S101431_797,20240204,2
S101431_797,20240211,2
S101431_797,20240218,2
S101431_797,20240225,2
S101431_797,20240303,2
S101431_797,20240310,2
S101431_797,20240317,2
S101431_797,20240324,2
S101431_797,20240331,2
S101432_474,20240126,2
S101432_474,20240131,2
S101432_474,20240201,2
S101432_474,20240202,2
S101432_474,20240205,2
S101432_474,20240206,2
S101432_474,20240207,2
S101432_474,20240208,2
S101432_474,20240209,2
S101432_474,20240212,2
S101432_474,20240213,2
S101432_474,20240214,2
S101432_474,20240215,2
S101432_474,20240216,2
S101432_474,20240219,2
S101432_474,20240220,2
S101432_474,20240221,2
S101432_474,20240222,2
S101432_474,20240223,2
S101432_474,20240226,2
S101432_474,20240227,2
S101432_474,20240228,2
S101432_474,20240229,2
S101432_474,20240301,2
S101432_474,20240304,2
S101432_474,20240305,2
S101432_474,20240306,2
S101432_474,20240307,2
S101432_474,20240308,2
S101432_474,20240311,2
S101432_474,20240312,2
S101432_474,20240313,2
S101432_474,20240314,2
S101432_474,20240315,2
S101432_474,20240318,2
S101432_474,20240319,2
S101432_474,20240320,2
S101432_474,20240321,2
S101432_474,20240322,2
S101432_474,20240325,2
S101432_474,20240326,2
S101432_474,20240327,2
S101432_474,20240328,2
S101432_474,20240329,2
S101432_474,20240401,2
S101432_493,20240126,2
S101432_493,20240304,2
S101432_493,20240329,2
S101432_493,20240401,2
S101432_798,20240107,2
S101432_798,20240114,2
S101432_798,20240121,2
S101432_798,20240126,1
S101432_798,20240128,2
S101432_798,20240204,2
S101432_798,20240211,2
S101432_798,20240218,2
S101432_798,20240225,2
S101432_798,20240303,2
S101432_798,20240310,2
S101432_798,20240317,2
S101432_798,20240324,2
S101432_798,20240331,2
S101432_797,20240107,2
S101432_797,20240114,2
S101432_797,20240121,2
S101432_797,20240126,1
S101432_797,20240128,2
S101432_797,20240204,2
S101432_797,20240211,2
S101432_797,20240218,2
S101432_797,20240225,2
S101432_797,20240303,2
S101432_797,20240310,2
S101432_797,20240317,2
S101432_797,20240324,2
S101432_797,20240331,2
S101433_474,20240126,2
S101433_474,20240131,2
S101433_474,20240201,2
S101433_474,20240202,2
S101433_474,20240205,2
S101433_474,20240206,2
S101433_474,20240207,2
S101433_474,20240208,2
S101433_474,20240209,2
S101433_474,20240212,2
S101433_474,20240213,2
S101433_474,20240214,2
S101433_474,20240215,2
S101433_474,20240216,2
S101433_474,20240219,2
S101433_474,20240220,2
S101433_474,20240221,2
S101433_474,20240222,2
S101433_474,20240223,2
S101433_474,20240226,2
S101433_474,20240227,2
S101433_474,20240228,2
S101433_474,20240229,2
S101433_474,20240301,2
S101433_474,20240304,2
S101433_474,20240305,2
S101433_474,20240306,2
S101433_474,20240307,2
S101433_474,20240308,2
S101433_474,20240311,2
S101433_474,20240312,2
S101433_474,20240313,2
S101433_474,20240314,2
S101433_474,20240315,2
S101433_474,20240318,2
S101433_474,20240319,2
S101433_474,20240320,2
S101433_474,20240321,2
S101433_474,20240322,2
S101433_474,20240325,2
S101433_474,20240326,2
S101433_474,20240327,2
S101433_474,20240328,2
S101433_474,20240329,2
S101433_474,20240401,2
S101433_493,20240126,2
S101433_493,20240304,2
S101433_493,20240329,2
S101433_493,20240401,2
S101433_798,20240107,2
S101433_798,20240114,2
S101433_798,20240121,2
S101433_798,20240126,1
S101433_798,20240128,2
S101433_798,20240204,2
S101433_798,20240211,2
S101433_798,20240218,2
S101433_798,20240225,2
S101433_798,20240303,2
S101433_798,20240310,2
S101433_798,20240317,2
S101433_798,20240324,2
S101433_798,20240331,2
S101433_797,20240107,2
S101433_797,20240114,2
S101433_797,20240121,2
S101433_797,20240126,1
S101433_797,20240128,2
S101433_797,20240204,2
S101433_797,20240211,2
S101433_797,20240218,2
S101433_797,20240225,2
S101433_797,20240303,2
S101433_797,20240310,2
S101433_797,20240317,2
S101433_797,20240324,2
S101433_797,20240331,2
S101434_474,20240126,2
S101434_474,20240131,2
S101434_474,20240201,2
S101434_474,20240202,2
S101434_474,20240205,2
S101434_474,20240206,2
S101434_474,20240207,2
S101434_474,20240208,2
S101434_474,20240209,2
S101434_474,20240212,2
S101434_474,20240213,2
S101434_474,20240214,2
S101434_474,20240215,2
S101434_474,20240216,2
S101434_474,20240219,2
S101434_474,20240220,2
S101434_474,20240221,2
S101434_474,20240222,2
S101434_474,20240223,2
S101434_474,20240226,2
S101434_474,20240227,2
S101434_474,20240228,2
S101434_474,20240229,2
S101434_474,20240301,2
S101434_474,20240304,2
S101434_474,20240305,2
S101434_474,20240306,2
S101434_474,20240307,2
S101434_474,20240308,2
S101434_474,20240311,2
S101434_474,20240312,2
S101434_474,20240313,2
S101434_474,20240314,2
S101434_474,20240315,2
S101434_474,20240318,2
S101434_474,20240319,2
S101434_474,20240320,2
S101434_474,20240321,2
S101434_474,20240322,2
S101434_474,20240325,2
S101434_474,20240326,2
S101434_474,20240327,2
S101434_474,20240328,2
S101434_474,20240329,2
S101434_474,20240401,2
S101434_493,20240126,2
S101434_493,20240304,2
S101434_493,20240329,2
S101434_493,20240401,2
S101434_797,20240107,2
S101434_797,20240114,2
S101434_797,20240121,2
S101434_797,20240126,1
S101434_797,20240128,2
S101434_797,20240204,2
S101434_797,20240211,2
S101434_797,20240218,2
S101434_797,20240225,2
S101434_797,20240303,2
S101434_797,20240310,2
S101434_797,20240317,2
S101434_797,20240324,2
S101434_797,20240331,2
S101434_609,20240126,1
S101434_609,20240304,1
S101434_609,20240401,1
S101435_797,20240107,2
S101435_797,20240114,2
S101435_797,20240121,2
S101435_797,20240126,1
S101435_797,20240128,2
S101435_797,20240204,2
S101435_797,20240211,2
S101435_797,20240218,2
S101435_797,20240225,2
S101435_797,20240303,2
S101435_797,20240310,2
S101435_797,20240317,2
S101435_797,20240324,2
S101435_797,20240331,2
S101436_474,20240126,2
S101436_474,20240131,2
S101436_474,20240201,2
S101436_474,20240202,2
S101436_474,20240205,2
S101436_474,20240206,2
S101436_474,20240207,2
S101436_474,20240208,2
S101436_474,20240209,2
S101436_474,20240212,2
S101436_474,20240213,2
S101436_474,20240214,2
S101436_474,20240215,2
S101436_474,20240216,2
S101436_474,20240219,2
S101436_474,20240220,2
S101436_474,20240221,2
S101436_474,20240222,2
S101436_474,20240223,2
S101436_474,20240226,2
S101436_474,20240227,2
S101436_474,20240228,2
S101436_474,20240229,2
S101436_474,20240301,2
S101436_474,20240304,2
S101436_474,20240305,2
S101436_474,20240306,2
S101436_474,20240307,2
S101436_474,20240308,2
S101436_474,20240311,2
S101436_474,20240312,2
S101436_474,20240313,2
S101436_474,20240314,2
S101436_474,20240315,2
S101436_474,20240318,2
S101436_474,20240319,2
S101436_474,20240320,2
S101436_474,20240321,2
S101436_474,20240322,2
S101436_474,20240325,2
S101436_474,20240326,2
S101436_474,20240327,2
S101436_474,20240328,2
S101436_474,20240329,2
S101436_474,20240401,2
S101436_493,20240126,2
S101436_493,20240304,2
S101436_493,20240329,2
S101436_493,20240401,2
S101436_798,20240107,2
S101436_798,20240114,2
S101436_798,20240121,2
S101436_798,20240126,1
S101436_798,20240128,2
S101436_798,20240204,2
S101436_798,20240211,2
S101436_798,20240218,2
S101436_798,20240225,2
S101436_798,20240303,2
S101436_798,20240310,2
S101436_798,20240317,2
S101436_798,20240324,2
S101436_798,20240331,2
S101436_797,20240107,2
S101436_797,20240114,2
S101436_797,20240121,2
S101436_797,20240126,1
S101436_797,20240128,2
S101436_797,20240204,2
S101436_797,20240211,2
S101436_797,20240218,2
S101436_797,20240225,2
S101436_797,20240303,2
S101436_797,20240310,2
S101436_797,20240317,2
S101436_797,20240324,2
S101436_797,20240331,2
S101436_609,20240126,1
S101436_609,20240304,1
S101436_609,20240401,1
S101437_474,20240126,2
S101437_474,20240131,2
S101437_474,20240201,2
S101437_474,20240202,2
S101437_474,20240205,2
S101437_474,20240206,2
S101437_474,20240207,2
S101437_474,20240208,2
S101437_474,20240209,2
S101437_474,20240212,2
S101437_474,20240213,2
S101437_474,20240214,2
S101437_474,20240215,2
S101437_474,20240216,2
S101437_474,20240219,2
S101437_474,20240220,2
S101437_474,20240221,2
S101437_474,20240222,2
S101437_474,20240223,2
S101437_474,20240226,2
S101437_474,20240227,2
S101437_474,20240228,2
S101437_474,20240229,2
S101437_474,20240301,2
S101437_474,20240304,2
S101437_474,20240305,2
S101437_474,20240306,2
S101437_474,20240307,2
S101437_474,20240308,2
S101437_474,20240311,2
S101437_474,20240312,2
S101437_474,20240313,2
S101437_474,20240314,2
S101437_474,20240315,2
S101437_474,20240318,2
S101437_474,20240319,2
S101437_474,20240320,2
S101437_474,20240321,2
S101437_474,20240322,2
S101437_474,20240325,2
S101437_474,20240326,2
S101437_474,20240327,2
S101437_474,20240328,2
S101437_474,20240329,2
S101437_474,20240401,2
S101437_493,20240126,2
S101437_493,20240304,2
S101437_493,20240329,2
S101437_493,20240401,2
S101437_798,20240107,2
S101437_798,20240114,2
S101437_798,20240121,2
S101437_798,20240126,1
S101437_798,20240128,2
S101437_798,20240204,2
S101437_798,20240211,2
S101437_798,20240218,2
S101437_798,20240225,2
S101437_798,20240303,2
S101437_798,20240310,2
S101437_798,20240317,2
S101437_798,20240324,2
S101437_798,20240331,2
S101437_797,20240107,2
S101437_797,20240114,2
S101437_797,20240121,2
S101437_797,20240126,1
S101437_797,20240128,2
S101437_797,20240204,2
S101437_797,20240211,2
S101437_797,20240218,2
S101437_797,20240225,2
S101437_797,20240303,2
S101437_797,20240310,2
S101437_797,20240317,2
S101437_797,20240324,2
S101437_797,20240331,2
S101437_609,20240126,1
S101437_609,20240304,1
S101437_609,20240401,1
S101438_474,20240126,2
S101438_474,20240131,2
S101438_474,20240201,2
S101438_474,20240202,2
S101438_474,20240205,2
S101438_474,20240206,2
S101438_474,20240207,2
S101438_474,20240208,2
S101438_474,20240209,2
S101438_474,20240212,2
S101438_474,20240213,2
S101438_474,20240214,2
S101438_474,20240215,2
S101438_474,20240216,2
S101438_474,20240219,2
S101438_474,20240220,2
S101438_474,20240221,2
S101438_474,20240222,2
S101438_474,20240223,2
S101438_474,20240226,2
S101438_474,20240227,2
S101438_474,20240228,2
S101438_474,20240229,2
S101438_474,20240301,2
S101438_474,20240304,2
S101438_474,20240305,2
S101438_474,20240306,2
S101438_474,20240307,2
S101438_474,20240308,2
S101438_474,20240311,2
S101438_474,20240312,2
S101438_474,20240313,2
S101438_474,20240314,2
S101438_474,20240315,2
S101438_474,20240318,2
S101438_474,20240319,2
S101438_474,20240320,2
S101438_474,20240321,2
S101438_474,20240322,2
S101438_474,20240325,2
S101438_474,20240326,2
S101438_474,20240327,2
S101438_474,20240328,2
S101438_474,20240329,2
S101438_474,20240401,2
S101438_493,20240126,2
S101438_493,20240304,2
S101438_493,20240329,2
S101438_493,20240401,2
S101438_798,20240107,2
S101438_798,20240114,2
S101438_798,20240121,2
S101438_798,20240126,1
S101438_798,20240128,2
S101438_798,20240204,2
S101438_798,20240211,2
S101438_798,20240218,2
S101438_798,20240225,2
S101438_798,20240303,2
S101438_798,20240310,2
S101438_798,20240317,2
S101438_798,20240324,2
S101438_798,20240331,2
S101438_797,20240107,2
S101438_797,20240114,2
S101438_797,20240121,2
S101438_797,20240126,1
S101438_797,20240128,2
S101438_797,20240204,2
S101438_797,20240211,2
S101438_797,20240218,2
S101438_797,20240225,2
S101438_797,20240303,2
S101438_797,20240310,2
S101438_797,20240317,2
S101438_797,20240324,2
S101438_797,20240331,2
S101438_609,20240126,1
S101438_609,20240304,1
S101438_609,20240401,1
S101439_474,20240126,2
S101439_474,20240131,2
S101439_474,20240201,2
S101439_474,20240202,2
S101439_474,20240205,2
S101439_474,20240206,2
S101439_474,20240207,2
S101439_474,20240208,2
S101439_474,20240209,2
S101439_474,20240212,2
S101439_474,20240213,2
S101439_474,20240214,2
S101439_474,20240215,2
S101439_474,20240216,2
S101439_474,20240219,2
S101439_474,20240220,2
S101439_474,20240221,2
S101439_474,20240222,2
S101439_474,20240223,2
S101439_474,20240226,2
S101439_474,20240227,2
S101439_474,20240228,2
S101439_474,20240229,2
S101439_474,20240301,2
S101439_474,20240304,2
S101439_474,20240305,2
S101439_474,20240306,2
S101439_474,20240307,2
S101439_474,20240308,2
S101439_474,20240311,2
S101439_474,20240312,2
S101439_474,20240313,2
S101439_474,20240314,2
S101439_474,20240315,2
S101439_474,20240318,2
S101439_474,20240319,2
S101439_474,20240320,2
S101439_474,20240321,2
S101439_474,20240322,2
S101439_474,20240325,2
S101439_474,20240326,2
S101439_474,20240327,2
S101439_474,20240328,2
S101439_474,20240329,2
S101439_474,20240401,2
S101439_493,20240126,2
S101439_493,20240304,2
S101439_493,20240329,2
S101439_493,20240401,2
S101439_798,20240107,2
S101439_798,20240114,2
S101439_798,20240121,2
S101439_798,20240126,1
S101439_798,20240128,2
S101439_798,20240204,2
S101439_798,20240211,2
S101439_798,20240218,2
S101439_798,20240225,2
S101439_798,20240303,2
S101439_798,20240310,2
S101439_798,20240317,2
S101439_798,20240324,2
S101439_798,20240331,2
S101439_797,20240107,2
S101439_797,20240114,2
S101439_797,20240121,2
S101439_797,20240126,1
S101439_797,20240128,2
S101439_797,20240204,2
S101439_797,20240211,2
S101439_797,20240218,2
S101439_797,20240225,2
S101439_797,20240303,2
S101439_797,20240310,2
S101439_797,20240317,2
S101439_797,20240324,2
S101439_797,20240331,2
S101440_474,20240126,2
S101440_474,20240131,2
S101440_474,20240201,2
S101440_474,20240202,2
S101440_474,20240205,2
S101440_474,20240206,2
S101440_474,20240207,2
S101440_474,20240208,2
S101440_474,20240209,2
S101440_474,20240212,2
S101440_474,20240213,2
S101440_474,20240214,2
S101440_474,20240215,2
S101440_474,20240216,2
S101440_474,20240219,2
S101440_474,20240220,2
S101440_474,20240221,2
S101440_474,20240222,2
S101440_474,20240223,2
S101440_474,20240226,2
S101440_474,20240227,2
S101440_474,20240228,2
S101440_474,20240229,2
S101440_474,20240301,2
S101440_474,20240304,2
S101440_474,20240305,2
S101440_474,20240306,2
S101440_474,20240307,2
S101440_474,20240308,2
S101440_474,20240311,2
S101440_474,20240312,2
S101440_474,20240313,2
S101440_474,20240314,2
S101440_474,20240315,2
S101440_474,20240318,2
S101440_474,20240319,2
S101440_474,20240320,2
S101440_474,20240321,2
S101440_474,20240322,2
S101440_474,20240325,2
S101440_474,20240326,2
S101440_474,20240327,2
S101440_474,20240328,2
S101440_474,20240329,2
S101440_474,20240401,2
S101440_493,20240126,2
S101440_493,20240304,2
S101440_493,20240329,2
S101440_493,20240401,2
S101440_797,20240107,2
S101440_797,20240114,2
S101440_797,20240121,2
S101440_797,20240126,1
S101440_797,20240128,2
S101440_797,20240204,2
S101440_797,20240211,2
S101440_797,20240218,2
S101440_797,20240225,2
S101440_797,20240303,2
S101440_797,20240310,2
S101440_797,20240317,2
S101440_797,20240324,2
S101440_797,20240331,2
S101441_493,20240126,2
S101441_493,20240304,2
S101441_493,20240329,2
S101441_493,20240401,2
S101441_798,20240107,2
S101441_798,20240114,2
S101441_798,20240121,2
S101441_798,20240126,1
S101441_798,20240128,2
S101441_798,20240204,2
S101441_798,20240211,2
S101441_798,20240218,2
S101441_798,20240225,2
S101441_798,20240303,2
S101441_798,20240310,2
S101441_798,20240317,2
S101441_798,20240324,2
S101441_798,20240331,2
S101441_797,20240107,2
S101441_797,20240114,2
S101441_797,20240121,2
S101441_797,20240126,1
S101441_797,20240128,2
S101441_797,20240204,2
S101441_797,20240211,2
S101441_797,20240218,2
S101441_797,20240225,2
S101441_797,20240303,2
S101441_797,20240310,2
S101441_797,20240317,2
S101441_797,20240324,2
S101441_797,20240331,2
S101442_474,20240126,2
S101442_474,20240131,2
S101442_474,20240201,2
S101442_474,20240202,2
S101442_474,20240205,2
S101442_474,20240206,2
S101442_474,20240207,2
S101442_474,20240208,2
S101442_474,20240209,2
S101442_474,20240212,2
S101442_474,20240213,2
S101442_474,20240214,2
S101442_474,20240215,2
S101442_474,20240216,2
S101442_474,20240219,2
S101442_474,20240220,2
S101442_474,20240221,2
S101442_474,20240222,2
S101442_474,20240223,2
S101442_474,20240226,2
S101442_474,20240227,2
S101442_474,20240228,2
S101442_474,20240229,2
S101442_474,20240301,2
S101442_474,20240304,2
S101442_474,20240305,2
S101442_474,20240306,2
S101442_474,20240307,2
S101442_474,20240308,2
S101442_474,20240311,2
S101442_474,20240312,2
S101442_474,20240313,2
S101442_474,20240314,2
S101442_474,20240315,2
S101442_474,20240318,2
S101442_474,20240319,2
S101442_474,20240320,2
S101442_474,20240321,2
S101442_474,20240322,2
S101442_474,20240325,2
S101442_474,20240326,2
S101442_474,20240327,2
S101442_474,20240328,2
S101442_474,20240329,2
S101442_474,20240401,2
S101442_493,20240126,2
S101442_493,20240304,2
S101442_493,20240329,2
S101442_493,20240401,2
S101442_797,20240107,2
S101442_797,20240114,2
S101442_797,20240121,2
S101442_797,20240126,1
S101442_797,20240128,2
S101442_797,20240204,2
S101442_797,20240211,2
S101442_797,20240218,2
S101442_797,20240225,2
S101442_797,20240303,2
S101442_797,20240310,2
S101442_797,20240317,2
S101442_797,20240324,2
S101442_797,20240331,2
S101443_474,20240126,2
S101443_474,20240131,2
S101443_474,20240201,2
S101443_474,20240202,2
S101443_474,20240205,2
S101443_474,20240206,2
S101443_474,20240207,2
S101443_474,20240208,2
S101443_474,20240209,2
S101443_474,20240212,2
S101443_474,20240213,2
S101443_474,20240214,2
S101443_474,20240215,2
S101443_474,20240216,2
S101443_474,20240219,2
S101443_474,20240220,2
S101443_474,20240221,2
S101443_474,20240222,2
S101443_474,20240223,2
S101443_474,20240226,2
S101443_474,20240227,2
S101443_474,20240228,2
S101443_474,20240229,2
S101443_474,20240301,2
S101443_474,20240304,2
S101443_474,20240305,2
S101443_474,20240306,2
S101443_474,20240307,2
S101443_474,20240308,2
S101443_474,20240311,2
S101443_474,20240312,2
S101443_474,20240313,2
S101443_474,20240314,2
S101443_474,20240315,2
S101443_474,20240318,2
S101443_474,20240319,2
S101443_474,20240320,2
S101443_474,20240321,2
S101443_474,20240322,2
S101443_474,20240325,2
S101443_474,20240326,2
S101443_474,20240327,2
S101443_474,20240328,2
S101443_474,20240329,2
S101443_474,20240401,2
S101443_493,20240126,2
S101443_493,20240304,2
S101443_493,20240329,2
S101443_493,20240401,2
S101443_798,20240107,2
S101443_798,20240114,2
S101443_798,20240121,2
S101443_798,20240126,1
S101443_798,20240128,2
S101443_798,20240204,2
S101443_798,20240211,2
S101443_798,20240218,2
S101443_798,20240225,2
S101443_798,20240303,2
S101443_798,20240310,2
S101443_798,20240317,2
S101443_798,20240324,2
S101443_798,20240331,2
S101443_797,20240107,2
S101443_797,20240114,2
S101443_797,20240121,2
S101443_797,20240126,1
S101443_797,20240128,2
S101443_797,20240204,2
S101443_797,20240211,2
S101443_797,20240218,2
S101443_797,20240225,2
S101443_797,20240303,2
S101443_797,20240310,2
S101443_797,20240317,2
S101443_797,20240324,2
S101443_797,20240331,2
S101624_595,20240103,1
S101624_595,20240106,2
S101794_595,20240113,2
S101794_595,20240120,2
S101794_595,20240127,2
S101794_595,20240203,2
S101794_595,20240210,2
S101794_595,20240217,2
S101794_595,20240224,2
S101794_595,20240302,2
S101794_595,20240309,2
S101794_595,20240316,2
S101794_595,20240323,2
S101794_595,20240330,2
S101625_595,20240103,1
S101625_595,20240106,2
S101795_595,20240113,2
S101795_595,20240120,2
S101795_595,20240127,2
S101795_595,20240203,2
S101795_595,20240210,2
S101795_595,20240217,2
S101795_595,20240224,2
S101795_595,20240302,2
S101795_595,20240309,2
S101795_595,20240316,2
S101795_595,20240323,2
S101795_595,20240330,2
S101627_595,20240103,1
S101627_595,20240106,2
S101796_595,20240113,2
S101796_595,20240120,2
S101796_595,20240127,2
S101796_595,20240203,2
S101796_595,20240210,2
S101796_595,20240217,2
S101796_595,20240224,2
S101796_595,20240302,2
S101796_595,20240309,2
S101796_595,20240316,2
S101796_595,20240323,2
S101796_595,20240330,2
S101628_595,20240103,1
S101628_595,20240106,2
S101797_595,20240113,2
S101797_595,20240120,2
S101797_595,20240127,2
S101797_595,20240203,2
S101797_595,20240210,2
S101797_595,20240217,2
S101797_595,20240224,2
S101797_595,20240302,2
S101797_595,20240309,2
S101797_595,20240316,2
S101797_595,20240323,2
S101797_595,20240330,2
S101798_595,20240113,2
S101798_595,20240120,2
S101798_595,20240127,2
S101798_595,20240203,2
S101798_595,20240210,2
S101798_595,20240217,2
S101798_595,20240224,2
S101798_595,20240302,2
S101798_595,20240309,2
S101798_595,20240316,2
S101798_595,20240323,2
S101798_595,20240330,2
S101799_595,20240113,2
S101799_595,20240120,2
S101799_595,20240127,2
S101799_595,20240203,2
S101799_595,20240210,2
S101799_595,20240217,2
S101799_595,20240224,2
S101799_595,20240302,2
S101799_595,20240309,2
S101799_595,20240316,2
S101799_595,20240323,2
S101799_595,20240330,2
S101630_595,20240103,1
S101630_595,20240106,2
S101800_595,20240113,2
S101800_595,20240120,2
S101800_595,20240127,2
S101800_595,20240203,2
S101800_595,20240210,2
S101800_595,20240217,2
S101800_595,20240224,2
S101800_595,20240302,2
S101800_595,20240309,2
S101800_595,20240316,2
S101800_595,20240323,2
S101800_595,20240330,2
S101631_595,20240103,1
S101631_595,20240106,2
S101801_595,20240113,2
S101801_595,20240120,2
S101801_595,20240127,2
S101801_595,20240203,2
S101801_595,20240210,2
S101801_595,20240217,2
S101801_595,20240224,2
S101801_595,20240302,2
S101801_595,20240309,2
S101801_595,20240316,2
S101801_595,20240323,2
S101801_595,20240330,2
S101802_595,20240113,2
S101802_595,20240120,2
S101802_595,20240127,2
S101802_595,20240203,2
S101802_595,20240210,2
S101802_595,20240217,2
S101802_595,20240224,2
S101802_595,20240302,2
S101802_595,20240309,2
S101802_595,20240316,2
S101802_595,20240323,2
S101802_595,20240330,2
S101632_595,20240103,1
S101632_595,20240106,2
S101803_595,20240113,2
S101803_595,20240120,2
S101803_595,20240127,2
S101803_595,20240203,2
S101803_595,20240210,2
S101803_595,20240217,2
S101803_595,20240224,2
S101803_595,20240302,2
S101803_595,20240309,2
S101803_595,20240316,2
S101803_595,20240323,2
S101803_595,20240330,2
S101633_595,20240103,1
S101633_595,20240106,2
S101804_595,20240113,2
S101804_595,20240120,2
S101804_595,20240127,2
S101804_595,20240203,2
S101804_595,20240210,2
S101804_595,20240217,2
S101804_595,20240224,2
S101804_595,20240302,2
S101804_595,20240309,2
S101804_595,20240316,2
S101804_595,20240323,2
S101804_595,20240330,2
S101634_595,20240103,1
S101634_595,20240106,2
S101805_595,20240113,2
S101805_595,20240120,2
S101805_595,20240127,2
S101805_595,20240203,2
S101805_595,20240210,2
S101805_595,20240217,2
S101805_595,20240224,2
S101805_595,20240302,2
S101805_595,20240309,2
S101805_595,20240316,2
S101805_595,20240323,2
S101805_595,20240330,2
S101806_595,20240113,2
S101806_595,20240120,2
S101806_595,20240127,2
S101806_595,20240203,2
S101806_595,20240210,2
S101806_595,20240217,2
S101806_595,20240224,2
S101806_595,20240302,2
S101806_595,20240309,2
S101806_595,20240316,2
S101806_595,20240323,2
S101806_595,20240330,2
S101807_595,20240113,2
S101807_595,20240120,2
S101807_595,20240127,2
S101807_595,20240203,2
S101807_595,20240210,2
S101807_595,20240217,2
S101807_595,20240224,2
S101807_595,20240302,2
S101807_595,20240309,2
S101807_595,20240316,2
S101807_595,20240323,2
S101807_595,20240330,2
S101366_798,20240107,2
S101366_798,20240114,2
S101366_798,20240121,2
S101366_798,20240126,1
S101366_798,20240128,2
S101366_798,20240204,2
S101366_798,20240211,2
S101366_798,20240218,2
S101366_798,20240225,2
S101366_798,20240303,2
S101366_798,20240310,2
S101366_798,20240317,2
S101366_798,20240324,2
S101366_798,20240331,2
S101367_798,20240107,2
S101367_798,20240114,2
S101367_798,20240121,2
S101367_798,20240126,1
S101367_798,20240128,2
S101367_798,20240204,2
S101367_798,20240211,2
S101367_798,20240218,2
S101367_798,20240225,2
S101367_798,20240303,2
S101367_798,20240310,2
S101367_798,20240317,2
S101367_798,20240324,2
S101367_798,20240331,2
T3969506,20240103,2
T3969506,20240126,2
T3969506,20240304,2
T3969506,20240329,2
T3969506,20240401,2
T3969514,20240103,2
T3969514,20240126,2
T3969514,20240304,2
T3969514,20240329,2
T3969514,20240401,2
T3969538,20240103,2
T3969538,20240126,2
T3969538,20240304,2
T3969538,20240329,2
T3969538,20240401,2
T3969553,20240103,2
T3969553,20240126,2
T3969553,20240304,2
T3969553,20240329,2
T3969553,20240401,2
T3969590,20240103,2
T3969590,20240126,2
T3969590,20240304,2
T3969590,20240329,2
T3969590,20240401,2
T3969614,20240103,2
T3969614,20240126,2
T3969614,20240304,2
T3969614,20240329,2
T3969614,20240401,2
T3969650,20240103,2
T3969650,20240126,2
T3969650,20240304,2
T3969650,20240329,2
T3969650,20240401,2
T3969651,20240103,2
T3969651,20240126,2
T3969651,20240304,2
T3969651,20240329,2
T3969651,20240401,2
T3969662,20240103,2
T3969662,20240126,2
T3969662,20240304,2
T3969662,20240329,2
T3969662,20240401,2
T3969674,20240103,2
T3969674,20240126,2
T3969674,20240304,2
T3969674,20240329,2
T3969674,20240401,2
T3969685,20240103,2
T3969685,20240126,2
T3969685,20240304,2
T3969685,20240329,2
T3969685,20240401,2
T3969686,20240103,2
T3969686,20240126,2
T3969686,20240304,2
T3969686,20240329,2
T3969686,20240401,2
T3969697,20240103,2
T3969697,20240126,2
T3969697,20240304,2
T3969697,20240329,2
T3969697,20240401,2
T3969704,20240103,2
T3969704,20240126,2
T3969704,20240304,2
T3969704,20240329,2
T3969704,20240401,2
T3969725,20240103,2
T3969725,20240126,2
T3969725,20240304,2
T3969725,20240329,2
T3969725,20240401,2
T3969726,20240103,2
T3969726,20240126,2
T3969726,20240304,2
T3969726,20240329,2
T3969726,20240401,2
T3969749,20240103,2
T3969749,20240126,2
T3969749,20240304,2
T3969749,20240329,2
T3969749,20240401,2
T3969750,20240103,2
T3969750,20240126,2
T3969750,20240304,2
T3969750,20240329,2
T3969750,20240401,2
T3969767,20240103,2
T3969767,20240126,2
T3969767,20240304,2
T3969767,20240329,2
T3969767,20240401,2
T3969773,20240103,2
T3969773,20240126,2
T3969773,20240304,2
T3969773,20240329,2
T3969773,20240401,2
T4536087,20240103,2
T4536087,20240126,2
T4536087,20240304,2
T4536087,20240329,2
T4536087,20240401,2
T4536104,20240103,2
T4536104,20240126,2
T4536104,20240304,2
T4536104,20240329,2
T4536104,20240401,2
T4536120,20240103,2
T4536120,20240126,2
T4536120,20240304,2
T4536120,20240329,2
T4536120,20240401,2
T4536127,20240103,2
T4536127,20240126,2
T4536127,20240304,2
T4536127,20240329,2
T4536127,20240401,2
T4536144,20240103,2
T4536144,20240126,2
T4536144,20240304,2
T4536144,20240329,2
T4536144,20240401,2
T4536152,20240103,2
T4536152,20240126,2
T4536152,20240304,2
T4536152,20240329,2
T4536152,20240401,2
T4536311,20240103,2
T4536311,20240126,2
T4536311,20240304,2
T4536311,20240329,2
T4536311,20240401,2
T4536317,20240103,2
T4536317,20240126,2
T4536317,20240304,2
T4536317,20240329,2
T4536317,20240401,2
T4536328,20240103,2
T4536328,20240126,2
T4536328,20240304,2
T4536328,20240329,2
T4536328,20240401,2
T4536336,20240103,2
T4536336,20240126,2
T4536336,20240304,2
T4536336,20240329,2
T4536336,20240401,2
T4536343,20240103,2
T4536343,20240126,2
T4536343,20240304,2
T4536343,20240329,2
T4536343,20240401,2
T4536351,20240103,2
T4536351,20240126,2
T4536351,20240304,2
T4536351,20240329,2
T4536351,20240401,2
T4536367,20240103,2
T4536367,20240126,2
T4536367,20240304,2
T4536367,20240329,2
T4536367,20240401,2
T4536376,20240103,2
T4536376,20240126,2
T4536376,20240304,2
T4536376,20240329,2
T4536376,20240401,2
